M,N,chunksToGet,accessTime
1000,10,627,628
1000,10,638,1790
1000,10,739,115
1000,10,892,1906
1000,10,807,988
1000,10,906,4453
1000,100,608,73
1000,100,237,90
1000,100,141,33
1000,100,753,47
1000,100,808,242
1000,100,55,165
1000,100,494,648
1000,100,397,30
1000,100,571,1143
1000,100,145,906
1000,100,90,38
1000,100,421,1365
1000,100,363,1844
1000,100,431,2404
1000,100,960,3745
1000,100,510,66
1000,100,639,173
1000,100,363,70
1000,100,561,34
1000,100,750,154
1000,100,932,46
1000,100,219,61
1000,100,907,169
1000,100,70,90
1000,100,716,577
1000,100,454,472
1000,100,284,912
1000,100,797,689
1000,100,258,1371
1000,100,216,1409
1000,100,869,1795
1000,100,170,1215
1000,100,896,1851
1000,100,595,1592
1000,100,912,1685
1000,100,924,35
1000,100,408,39
1000,100,443,25
1000,100,839,26
1000,100,69,40
1000,100,172,27
1000,100,354,33
1000,100,958,139
1000,100,687,330
1000,100,514,32
1000,100,556,333
1000,100,112,18
1000,100,684,30
1000,100,940,64
1000,100,699,28
1000,100,250,27
1000,100,616,30
1000,100,248,73
1000,100,987,115
1000,100,12,25
1000,100,440,408
1000,100,390,648
1000,100,906,106
1000,100,354,92
1000,100,766,94
1000,100,153,100
1000,100,98,117
1000,100,944,102
1000,100,706,462
1000,100,246,28
1000,100,756,206
1000,100,114,37
1000,100,663,98
1000,100,299,43
1000,100,583,25
1000,100,522,89
1000,100,955,42
1000,100,692,48
1000,100,179,23
1000,100,371,652
1000,100,509,932
1000,100,737,228
1000,100,246,1698
1000,100,1000,1757
1000,100,410,2200
1000,100,338,559
1000,100,61,1057
1000,100,686,2622
1000,100,46,912
1000,100,160,832
1000,100,464,3227
1000,100,693,1147
1000,100,303,1816
1000,100,756,1673
1000,100,638,1478
1000,100,295,22
1000,100,168,15
1000,100,741,47
1000,100,930,2746
1000,100,911,4334
1000,100,954,4579
1000,100,310,4626
1000,100,780,4990
1000,100,148,5295
1000,100,616,5591
1000,1000,543,41
1000,1000,582,537
1000,1000,718,525
1000,1000,266,26
1000,1000,748,73
1000,1000,970,960
1000,1000,747,248
1000,1000,837,1177
1000,1000,181,1235
1000,1000,8,22
1000,1000,607,366
1000,1000,212,1458
1000,1000,657,439
1000,1000,341,1024
1000,1000,267,12
1000,1000,638,485
1000,1000,228,904
1000,1000,762,2210
1000,1000,737,826
1000,1000,428,853
1000,1000,261,857
1000,1000,971,2509
1000,1000,513,2630
1000,1000,833,11
1000,1000,953,1388
1000,1000,694,1643
1000,1000,833,2986
1000,1000,126,1944
1000,1000,621,4432
1000,1000,2,23
1000,1000,522,12
1000,1000,416,1843
1000,1000,381,3617
1000,1000,206,1655
1000,1000,876,3456
1000,1000,875,3454
1000,1000,42,987
1000,1000,169,958
1000,1000,594,3547
1000,1000,676,4370
1000,1000,786,3616
1000,1000,148,4645
1000,1000,714,4774
1000,1000,90,12
1000,1000,40,4117
1000,1000,738,5217
1000,1000,296,4243
1000,1000,606,50
1000,1000,849,4545
1000,1000,160,87
1000,1000,793,6190
1000,1000,757,48
1000,1000,519,2266
1000,1000,309,6416
1000,1000,33,2459
1000,1000,222,14
1000,1000,291,10
1000,1000,915,6275
1000,1000,73,2063
1000,1000,251,885
1000,1000,767,12
1000,1000,976,6371
1000,1000,47,874
1000,1000,110,12
1000,1000,6,2441
1000,1000,646,5010
1000,1000,177,1906
1000,1000,118,1634
1000,1000,64,2560
1000,1000,53,2532
1000,1000,323,7320
1000,1000,236,75
1000,1000,48,7790
1000,1000,785,6564
1000,1000,359,75
1000,1000,751,6773
1000,1000,736,11521
1000,1000,235,94
1000,1000,223,69
1000,1000,4,73
1000,1000,397,3978
1000,1000,36,4033
1000,1000,83,8643
1000,1000,839,8675
1000,1000,354,4125
1000,1000,923,11928
1000,1000,616,8738
1000,1000,88,8491
1000,1000,78,3876
1000,1000,777,3356
1000,1000,619,9119
1000,1000,461,5338
1000,1000,401,2663
1000,1000,2,8
1000,1000,24,2567
1000,1000,923,9435
1000,1000,77,5680
1000,1000,146,9138
1000,1000,105,8
1000,1000,379,9224
1000,1000,2,7
1000,1000,91,2263
1000,1000,238,7
1000,1000,58,6518
1000,1000,49,6609
1000,1000,485,8
1000,1000,607,10591
1000,1000,665,9103
1000,1000,442,15196
1000,1000,428,65
1000,1000,330,3684
1000,1000,251,10
1000,1000,447,3805
1000,1000,291,11733
1000,1000,780,3516
1000,1000,414,9431
1000,1000,363,9361
1000,1000,409,19
1000,1000,102,3433
1000,1000,875,17850
1000,1000,126,9
1000,1000,28,3262
1000,1000,199,2408
1000,1000,43,9147
1000,1000,534,9
1000,1000,298,2105
1000,1000,306,18
1000,1000,70,1715
1000,1000,411,18
1000,1000,857,14031
1000,1000,509,9048
1000,1000,394,7
1000,1000,661,9139
1000,1000,623,8379
1000,1000,773,10479
1000,1000,130,9
1000,1000,63,9
1000,1000,685,7656
1000,1000,812,10851
1000,1000,313,11493
1000,1000,274,63
1000,1000,633,9009
1000,1000,782,60
1000,1000,152,3668
1000,1000,889,8144
1000,1000,505,3131
1000,1000,543,8393
1000,1000,575,13773
1000,1000,817,17099
1000,1000,781,8809
1000,1000,398,13984
1000,1000,472,10
1000,1000,373,12989
1000,1000,238,7
1000,1000,238,7
1000,1000,133,11
1000,1000,827,14324
1000,1000,521,13270
1000,1000,164,7
1000,1000,646,9205
1000,1000,92,9252
1000,1000,877,7
1000,1000,165,2341
1000,1000,465,7
1000,1000,72,9630
1000,1000,587,9827
1000,1000,710,24193
1000,1000,99,2457
1000,1000,182,8
1000,1000,99,9920
1000,1000,675,7
1000,1000,432,2541
1000,1000,36,2469
1000,1000,579,9382
1000,1000,189,7
1000,1000,513,19816
1000,1000,670,7
1000,1000,425,9497
1000,1000,173,2429
1000,1000,188,7
1000,1000,190,12218
1000,1000,817,20104
1000,1000,358,2459
1000,1000,313,9457
1000,1000,593,8
1000,1000,359,16590
1000,1000,216,7
1000,1000,562,12618
1000,1000,197,2428
1000,1000,288,19
1000,1000,511,12810
1000,1000,525,18612
1000,1000,284,1971
1000,1000,981,18677
1000,1000,425,119
1000,1000,618,13056
1000,1000,359,9470
1000,1000,380,7
1000,1000,874,23556
1000,1000,256,2011
1000,1000,656,7
1000,1000,495,9758
1000,1000,667,16075
1000,1000,42,2237
1000,1000,590,10308
1000,1000,330,10539
1000,1000,26,48
1000,1000,982,10750
1000,1000,994,14024
1000,1000,525,13550
1000,1000,63,2757
1000,1000,187,2586
1000,1000,90,6
1000,1000,594,11132
1000,1000,112,6
1000,1000,481,25271
1000,1000,497,13552
1000,1000,494,7
1000,1000,754,20746
1000,1000,53,2770
1000,1000,166,6
1000,1000,521,13706
1000,1000,572,11552
1000,1000,354,6
1000,1000,167,2384
1000,1000,725,11679
1000,1000,745,13887
1000,1000,3,2003
1000,1000,985,13932
1000,1000,967,21062
1000,1000,275,1609
1000,1000,508,1580
1000,1000,177,1491
1000,1000,594,12190
1000,1000,54,13655
1000,1000,360,7
1000,1000,176,1758
1000,1000,191,3753
1000,1000,125,6
1000,1000,788,16499
1000,1000,139,1757
1000,1000,625,13612
1000,1000,415,1589
1000,1000,215,13726
1000,1000,23,6
1000,1000,40,5
1000,1000,858,5
1000,1000,608,1720
1000,1000,985,13928
1000,1000,34,7
1000,1000,467,1810
1000,1000,731,14047
1000,1000,312,6
1000,1000,732,21122
1000,1000,415,13151
1000,1000,709,24456
1000,1000,722,14402
1000,1000,174,7
1000,1000,919,14498
1000,1000,515,1344
1000,1000,133,1357
1000,1000,533,11859
1000,1000,268,6
1000,1000,25,6
1000,1000,281,14727
1000,1000,48,6
1000,1000,164,6
1000,1000,543,5
1000,1000,478,1378
1000,1000,451,14860
1000,1000,229,6
1000,1000,68,12159
1000,1000,158,6
1000,1000,122,8
1000,1000,596,12073
1000,1000,487,12015
1000,1000,682,15116
1000,1000,280,1526
1000,1000,455,11905
1000,1000,107,1547
1000,1000,101,1537
1000,1000,335,5
1000,1000,554,24758
1000,1000,90,11889
1000,1000,221,15526
1000,1000,33,1567
1000,1000,222,8
1000,1000,643,11991
1000,1000,92,6
1000,1000,115,12011
1000,1000,269,16761
1000,1000,454,15782
1000,1000,457,6
1000,1000,64,5
1000,1000,126,9
1000,1000,983,15738
1000,1000,120,1391
1000,1000,462,12331
1000,1000,359,1348
1000,1000,87,12364
1000,1000,104,17147
1000,1000,73,6
1000,1000,660,6
1000,1000,296,5
1000,1000,352,1393
1000,1000,681,17377
1000,1000,109,6
1000,1000,23,1228
1000,1000,309,6
1000,1000,602,12769
1000,1000,74,1288
1000,1000,870,17711
1000,1000,114,12815
1000,1000,252,6
1000,1000,369,1386
1000,1000,296,6
1000,1000,525,15569
1000,1000,25,1373
1000,1000,77,6
1000,1000,272,1462
1000,1000,872,13202
1000,1000,476,13205
1000,1000,563,1380
1000,1000,681,25712
1000,1000,82,1427
1000,1000,410,1373
1000,1000,197,6
1000,1000,104,6
1000,1000,532,15893
1000,1000,493,12893
1000,1000,825,32026
1000,1000,165,1353
1000,1000,370,6
1000,1000,552,15709
1000,1000,206,6
1000,1000,215,5
1000,1000,893,13071
1000,1000,37,6
1000,1000,10,5
1000,1000,317,1534
1000,1000,53,6
1000,1000,751,18961
1000,1000,70,1518
1000,1000,390,6
1000,1000,164,1300
1000,1000,478,13365
1000,1000,608,15991
1000,1000,14,6
1000,1000,219,13515
1000,1000,425,1331
1000,1000,536,1459
1000,1000,106,83
1000,1000,374,14425
1000,1000,708,24079
1000,1000,278,2403
1000,1000,193,17798
1000,1000,74,58
1000,1000,962,18097
1000,1000,445,9
1000,1000,54,7
1000,1000,84,18058
1000,1000,78,7
1000,1000,87,8
1000,1000,211,3043
1000,1000,690,15777
1000,1000,82,3089
1000,1000,434,18367
1000,1000,509,7
1000,1000,758,25373
1000,1000,543,16012
1000,1000,229,25541
1000,1000,815,7
1000,1000,900,16103
1000,1000,555,18764
1000,1000,223,12
1000,1000,818,18850
1000,1000,623,16425
1000,1000,822,16270
1000,1000,936,19132
1000,1000,848,18961
1000,1000,445,16460
1000,1000,291,7
1000,1000,830,16498
1000,1000,88,9
1000,1000,413,1444
1000,1000,244,18853
1000,1000,480,6
1000,1000,165,18900
1000,1000,551,29673
1000,1000,530,7
1000,1000,736,18965
1000,1000,319,17041
1000,1000,126,1453
1000,1000,105,16825
1000,1000,90,19020
1000,1000,593,17232
1000,1000,750,19764
1000,1000,707,17690
1000,1000,463,7
1000,1000,135,6
1000,1000,498,20147
1000,1000,493,6
1000,1000,972,17810
1000,1000,851,17772
1000,1000,241,17943
1000,1000,860,18071
1000,1000,324,31681
1000,1000,600,19
1000,1000,117,7
1000,1000,710,21184
1000,1000,46,7
1000,1000,836,21514
1000,1000,158,7
1000,1000,139,7
1000,1000,31,867
1000,1000,267,19058
1000,1000,367,7
1000,1000,483,19190
1000,1000,86,8
1000,1000,9,9
1000,1000,913,19340
1000,1000,82,22162
1000,1000,645,195
1000,1000,548,19580
1000,1000,476,19702
1000,1000,879,8
1000,1000,61,22370
1000,1000,725,19824
1000,1000,569,20
1000,1000,46,409
1000,1000,905,22413
1000,1000,305,8
1000,1000,105,455
1000,1000,73,431
1000,1000,93,20310
1000,1000,294,20
1000,1000,634,17
1000,1000,824,41389
1000,1000,375,12
1000,1000,174,506
1000,1000,84,447
1000,1000,204,311
1000,1000,522,20774
1000,1000,274,346
1000,1000,347,20893
1000,1000,178,392
1000,1000,995,42213
1000,1000,206,669
1000,1000,320,21383
1000,1000,604,705
1000,1000,424,21690
1000,1000,166,19
1000,1000,350,25541
1000,1000,31,9
1000,1000,560,9
1000,1000,166,21
1000,1000,15,487
1000,1000,37,460
1000,1000,92,17
1000,1000,892,12
1000,1000,173,25749
1000,1000,559,35576
1000,1000,356,10
1000,1000,871,351
1000,1000,361,7
1000,1000,386,6
1000,1000,885,674
1000,1000,104,639
1000,1000,138,18
1000,1000,613,24321
1000,1000,16,18
1000,1000,7,16
1000,1000,348,24424
1000,1000,532,35193
1000,1000,367,22842
1000,1000,681,24519
1000,1000,357,11
1000,1000,912,22995
1000,1000,592,32
1000,1000,927,35734
1000,1000,729,23166
1000,1000,390,23283
1000,1000,273,26386
1000,1000,306,23411
1000,1000,220,695
1000,1000,356,25385
1000,1000,724,36602
1000,1000,694,23727
1000,1000,409,24
1000,1000,876,25679
1000,1000,184,25805
1000,1000,1,9
1000,1000,115,10
1000,1000,533,20
1000,1000,56,742
1000,1000,41,732
1000,1000,158,9
1000,1000,184,411
1000,1000,878,25923
1000,1000,180,42
1000,1000,105,24468
1000,1000,68,27
1000,1000,484,26251
1000,1000,355,18
1000,1000,40,9
1000,1000,242,16
1000,1000,136,26219
1000,1000,137,649
1000,1000,216,582
1000,1000,644,26393
1000,1000,329,9
1000,1000,158,207
1000,1000,943,38161
1000,1000,496,19
1000,1000,469,37616
1000,1000,73,543
1000,1000,11,27
1000,1000,116,579
1000,1000,570,25632
1000,1000,588,19
1000,1000,825,27144
1000,1000,802,27173
1000,1000,93,9
1000,1000,417,25996
1000,1000,574,19
1000,1000,360,19
1000,1000,863,27506
1000,1000,76,274
1000,1000,487,26137
1000,1000,457,27782
1000,1000,435,6
1000,1000,171,6
1000,1000,665,50940
1000,1000,277,26601
1000,1000,557,6
1000,1000,172,6
1000,1000,260,28235
1000,1000,438,18
1000,1000,182,27110
1000,1000,677,21
1000,1000,965,27342
1000,1000,268,414
1000,1000,886,10
1000,1000,528,43781
1000,1000,477,27602
1000,1000,23,417
1000,1000,162,331
1000,1000,569,29412
1000,1000,159,28039
1000,1000,387,714
1000,1000,471,686
1000,1000,91,29832
1000,1000,601,28383
1000,1000,551,28480
1000,1000,618,30129
1000,1000,163,30288
1000,1000,650,28922
1000,1000,584,30735
1000,1000,494,45208
1000,1000,908,31549
1000,1000,573,31648
1000,1000,610,51533
1000,1000,958,30467
1000,1000,598,30650
1000,1000,581,52193
1000,1000,884,32415
1000,1000,481,47163
1000,1000,710,31371
1000,1000,677,31378
1000,1000,553,32929
1000,1000,252,47683
1000,1000,174,33159
10000,10,3951,29
10000,10,9452,51
10000,10,4744,148
10000,10,2312,385
10000,10,9753,48
10000,10,1249,761
10000,10,1216,760
10000,10,1855,510
10000,10,8568,1132
10000,10,6488,915
10000,100,4102,129
10000,100,6328,30
10000,100,8473,7
10000,100,7881,11
10000,100,238,24
10000,100,553,7
10000,100,5126,6
10000,100,2181,6
10000,100,829,6
10000,100,3321,5
10000,100,7705,122
10000,100,7662,6
10000,100,19,207
10000,100,3249,6
10000,100,841,5
10000,100,29,6
10000,100,899,488
10000,100,3779,6
10000,100,1410,17
10000,100,2023,444
10000,100,5205,273
10000,100,6827,6
10000,100,5458,227
10000,100,1768,200
10000,100,7781,311
10000,100,1661,5
10000,100,6814,879
10000,100,3038,6
10000,100,1637,205
10000,100,2441,100
10000,100,131,5
10000,100,6840,1338
10000,100,549,38
10000,100,314,6
10000,100,2163,1527
10000,100,7966,1847
10000,100,7868,1931
10000,100,1561,2761
10000,100,6971,8
10000,100,3154,51
10000,100,601,1700
10000,100,753,1632
10000,100,1131,1193
10000,100,5709,3886
10000,100,4067,689
10000,100,3219,3994
10000,100,1408,463
10000,100,4437,4533
10000,100,4684,6492
10000,100,786,51
10000,100,6200,2124
10000,100,307,1292
10000,100,5334,12
10000,100,250,6
10000,100,1470,5
10000,100,4620,6996
10000,100,7819,10802
10000,100,2991,10599
10000,100,500,50
10000,100,5894,48
10000,100,1682,416
10000,100,3672,11381
10000,100,8372,12619
10000,100,3120,11749
10000,100,8805,12214
10000,100,4448,12648
10000,100,5175,12793
10000,100,9922,14718
10000,100,4420,11730
10000,100,4887,13486
10000,100,2322,13166
10000,100,5217,13397
10000,100,9123,17240
10000,100,5602,13102
10000,100,5483,14270
10000,100,3047,13844
10000,100,9072,14232
10000,100,3354,13858
10000,100,5628,14780
10000,100,9035,12956
10000,100,3734,13107
10000,100,7091,20423
10000,100,9525,14272
10000,100,9860,13912
10000,100,489,11499
10000,100,2731,13087
10000,100,8201,23112
10000,100,2630,12852
10000,100,7662,12788
10000,100,985,12108
10000,100,6916,23562
10000,100,8328,23421
10000,100,5083,21542
10000,100,6170,21388
10000,100,7818,18408
10000,100,7761,25973
10000,100,8184,15203
10000,100,8968,24021
10000,100,9563,21360
10000,100,8806,28355
10000,1000,8621,87
10000,1000,6415,34
10000,1000,5037,139
10000,1000,4630,606
10000,1000,5261,2359
10000,1000,4456,1777
10000,1000,4183,5
10000,1000,118,6
10000,1000,1862,1891
10000,1000,3909,3124
10000,1000,2765,5
10000,1000,6850,3655
10000,1000,1830,11
10000,1000,3963,1610
10000,1000,4361,4374
10000,1000,594,48
10000,1000,3976,553
10000,1000,9955,4195
10000,1000,9141,4758
10000,1000,4305,4554
10000,1000,6538,5203
10000,1000,3401,349
10000,1000,2566,299
10000,1000,3084,6477
10000,1000,1855,6558
10000,1000,5180,48
10000,1000,225,48
10000,1000,1466,1219
10000,1000,3039,9060
10000,1000,1792,8986
10000,1000,4793,92
10000,1000,3373,9261
10000,1000,758,13
10000,1000,1064,9970
10000,1000,3271,35
10000,1000,6394,14457
10000,1000,3668,5
10000,1000,5654,12751
10000,1000,190,332
10000,1000,3074,196
10000,1000,5843,16
10000,1000,4447,8195
10000,1000,8555,8674
10000,1000,1122,5
10000,1000,4219,8475
10000,1000,7907,8644
10000,1000,5619,8822
10000,1000,7746,55
10000,1000,709,6661
10000,1000,1158,9114
10000,1000,9952,27101
10000,1000,8174,20051
10000,1000,6400,20257
10000,1000,7332,21268
10000,1000,828,5
10000,1000,158,5
10000,1000,9187,18194
10000,1000,339,645
10000,1000,795,642
10000,1000,3556,5
10000,1000,187,4468
10000,1000,5134,7
10000,1000,2792,21933
10000,1000,2301,47
10000,1000,1114,2308
10000,1000,913,47
10000,1000,4111,22738
10000,1000,4629,10
10000,1000,3381,22754
10000,1000,4445,5
10000,1000,8903,32615
10000,1000,7408,22469
10000,1000,6905,24435
10000,1000,2360,2202
10000,1000,5954,24322
10000,1000,4780,26427
10000,1000,2876,49
10000,1000,7748,46
10000,1000,3696,27846
10000,1000,1118,3208
10000,1000,2042,28578
10000,1000,358,3788
10000,1000,256,983
10000,1000,255,92
10000,1000,1758,28715
10000,1000,566,25
10000,1000,6751,28269
10000,1000,7966,37024
10000,1000,594,8
10000,1000,8851,28465
10000,1000,9568,22680
10000,1000,391,260
10000,1000,8967,29306
10000,1000,8698,29431
10000,1000,2518,20
10000,1000,4468,5
10000,1000,5157,40228
10000,1000,2553,719
10000,1000,6288,21294
10000,1000,7339,36442
10000,1000,3800,30620
10000,1000,4520,2231
10000,1000,1177,46
10000,1000,2373,46
10000,1000,325,1791
10000,1000,1602,22855
10000,1000,6204,46
10000,1000,83,1046
10000,1000,7672,34537
10000,1000,3905,26912
10000,1000,3013,5
10000,1000,8173,45494
10000,1000,8152,27136
10000,1000,1761,144
10000,1000,8290,28060
10000,1000,3439,9
10000,1000,6702,27978
10000,1000,1769,24
10000,1000,2647,309
10000,1000,215,330
10000,1000,442,68
10000,1000,1611,27961
10000,1000,4750,11
10000,1000,3166,191
10000,1000,1288,247
10000,1000,1827,37
10000,1000,8329,46022
10000,1000,8072,216
10000,1000,7052,45938
10000,1000,1365,346
10000,1000,8314,23009
10000,1000,5589,27
10000,1000,8816,45771
10000,1000,3358,23390
10000,1000,1595,23481
10000,1000,557,22
10000,1000,5984,17
10000,1000,1724,355
10000,1000,910,241
10000,1000,42,214
10000,1000,1722,23391
10000,1000,5964,225
10000,1000,4311,23746
10000,1000,2799,38
10000,1000,2667,256
10000,1000,1546,23898
10000,1000,5945,23962
10000,1000,3931,11
10000,1000,3902,50
10000,1000,2324,28
10000,1000,1672,232
10000,1000,1238,41
10000,1000,6375,23764
10000,1000,748,10
10000,1000,2718,183
10000,1000,332,196
10000,1000,4753,22139
10000,1000,7746,22268
10000,1000,1757,17
10000,1000,7970,68
10000,1000,1367,402
10000,1000,6339,24582
10000,1000,4951,10
10000,1000,8168,23527
10000,1000,71,6
10000,1000,4492,724
10000,1000,1765,23317
10000,1000,141,25
10000,1000,1346,10
10000,1000,7724,23217
10000,1000,3527,609
10000,1000,169,21
10000,1000,5397,20081
10000,1000,294,17
10000,1000,1543,9
10000,1000,5727,306
10000,1000,507,18
10000,1000,8763,19449
10000,1000,1908,19564
10000,1000,4959,36
10000,1000,3396,19602
10000,1000,5922,19725
10000,1000,3683,416
10000,1000,2471,392
10000,1000,3932,19623
10000,1000,4916,360
10000,1000,4976,18
10000,1000,6914,19608
10000,1000,175,17
10000,1000,3809,419
10000,1000,6550,20065
10000,1000,5701,10
10000,1000,4828,20228
10000,1000,2206,25
10000,1000,5145,11
10000,1000,5041,20372
10000,1000,5099,749
10000,1000,7291,20140
10000,1000,1120,10
10000,1000,4261,18
10000,1000,6845,20362
10000,1000,2492,18
10000,1000,308,421
10000,1000,7687,18739
10000,1000,2824,10
10000,1000,3979,384
10000,1000,851,277
10000,1000,9573,20520
10000,1000,2168,49829
10000,1000,6903,15
10000,1000,1138,422
10000,1000,3941,15122
10000,1000,3235,21069
10000,1000,6229,21
10000,1000,9844,17434
10000,1000,7442,50367
10000,1000,2543,10
10000,1000,5517,17584
10000,1000,339,5
10000,1000,464,5
10000,1000,345,5
10000,1000,3914,811
10000,1000,6025,36658
10000,1000,2118,15045
10000,1000,6981,24
10000,1000,2355,14524
10000,1000,9756,21
10000,1000,4988,15930
10000,1000,4365,18
10000,1000,5328,391
10000,1000,6387,15665
10000,1000,5864,564
10000,1000,6634,59
10000,1000,355,14532
10000,1000,5711,14940
10000,1000,2208,424
10000,1000,8638,11762
10000,1000,1698,16
10000,1000,6395,61
10000,1000,2365,11809
10000,1000,5121,468
10000,1000,9029,38270
10000,1000,9813,11300
10000,1000,7769,32762
10000,1000,6848,34640
10000,1000,1196,48
10000,1000,2414,46
10000,1000,6116,35176
10000,1000,2753,46
10000,1000,2868,35600
10000,1000,1461,46
10000,1000,3890,3300
10000,1000,2101,59230
10000,1000,1719,36698
10000,1000,5732,4407
10000,1000,3765,39443
10000,1000,5501,46
10000,1000,5350,67600
10000,1000,1382,5
10000,1000,3621,45256
10000,1000,691,5
10000,1000,7963,45928
10000,1000,4081,3204
10000,1000,7591,49429
10000,1000,9884,49685
10000,1000,3851,15
10000,1000,6645,74416
10000,1000,2055,47
10000,1000,5765,51913
10000,1000,8873,2250
10000,1000,4743,52035
10000,1000,7732,5
10000,1000,5324,6
10000,1000,6041,52446
10000,1000,4798,53091
10000,1000,4658,52734
10000,1000,3627,53331
10000,1000,3346,53136
10000,1000,4717,53187
10000,1000,150,584
10000,1000,2214,76578
10000,1000,1476,6
10000,1000,461,5
10000,1000,778,188
10000,1000,4085,54144
10000,1000,6795,9
10000,1000,4868,54920
10000,1000,4615,1161
10000,1000,4911,55959
10000,1000,761,29
10000,1000,7704,114648
10000,1000,4690,56761
10000,1000,3895,46
10000,1000,2768,908
10000,1000,5249,103870
10000,1000,7807,58389
10000,1000,1044,6
10000,1000,3665,5
10000,1000,46,347
10000,1000,1777,4
10000,1000,1797,4
10000,1000,759,73
10000,1000,4428,4
10000,1000,7240,58734
10000,1000,2536,93
10000,1000,5028,82782
10000,1000,5941,58775
10000,1000,2643,252
10000,1000,845,242
10000,1000,7580,58891
10000,1000,8405,83082
10000,1000,1321,289
10000,1000,3568,58965
10000,1000,3110,58990
10000,1000,3025,5
10000,1000,9562,307
10000,1000,7795,81116
10000,1000,1177,404
10000,1000,9617,106025
10000,1000,1245,619
10000,1000,8838,5
10000,1000,6631,59215
10000,1000,8753,717
10000,1000,9830,59734
10000,1000,2134,694
10000,1000,929,491
10000,1000,3178,59831
10000,1000,2844,498
10000,1000,7192,59437
10000,1000,3485,6
10000,1000,2568,887
10000,1000,7977,60011
10000,1000,9438,83157
10000,1000,9348,60326
10000,1000,7966,59963
10000,1000,478,5
10000,1000,1244,4
10000,1000,5604,60535
10000,1000,3281,912
10000,1000,58,897
10000,1000,9690,108057
10000,1000,4948,60639
10000,1000,9339,60589
10000,1000,482,5
10000,1000,3415,8
10000,1000,6303,61200
10000,1000,7291,5
10000,1000,9980,117872
10000,1000,880,5
10000,1000,2085,49
10000,1000,1671,1264
10000,1000,55,45
10000,1000,3324,61892
10000,1000,380,47
10000,1000,6787,61961
10000,1000,3604,1661
10000,1000,3016,1563
10000,1000,8536,82130
10000,1000,7839,63299
10000,1000,4730,6
10000,1000,9291,83241
10000,1000,8548,63673
10000,1000,6279,5
10000,1000,303,826
10000,1000,507,573
10000,1000,971,5
10000,1000,3733,63768
10000,1000,1869,337
10000,1000,7225,83424
10000,1000,4563,5
10000,1000,174,152
10000,1000,1517,5
10000,1000,5637,4
10000,1000,4280,83691
10000,1000,1881,5
10000,1000,2926,5
10000,1000,7240,64376
10000,1000,2052,55
10000,1000,2923,43
10000,1000,2283,9
10000,1000,2161,65327
10000,1000,2788,702
10000,1000,2281,2440
10000,1000,9634,68492
10000,1000,2343,45
10000,1000,986,481
10000,1000,446,45
10000,1000,3099,68933
10000,1000,1124,45
10000,1000,8635,70357
10000,1000,3174,70513
10000,1000,5802,5
10000,1000,832,5
10000,1000,1658,509
10000,1000,1043,255
10000,1000,2093,70789
10000,1000,4828,126602
10000,1000,1239,5
10000,1000,6126,4
10000,1000,3267,4
10000,1000,3369,71051
10000,1000,114,76
10000,1000,4791,71242
10000,1000,308,86
10000,1000,6235,71283
10000,1000,1244,90
10000,1000,7187,71383
10000,1000,2828,5
10000,1000,838,4
10000,1000,3031,96
10000,1000,326,71611
10000,1000,8959,5
10000,1000,7245,70622
10000,1000,3892,5
10000,1000,4077,70738
10000,1000,5682,5
10000,1000,4141,71442
10000,1000,1873,94
10000,1000,4140,71641
10000,1000,821,5
10000,1000,8526,4
10000,1000,160,4
10000,1000,6942,71611
10000,1000,5330,5
10000,1000,615,90
10000,1000,1110,82
10000,1000,6724,71874
10000,1000,5073,71769
10000,1000,9040,71775
10000,1000,7033,316
10000,1000,5491,89359
10000,1000,1192,369
10000,1000,8870,6
10000,1000,9597,70801
10000,1000,8747,70956
10000,1000,6669,71476
10000,1000,4809,71121
10000,1000,1355,71480
10000,1000,8325,87007
10000,1000,3942,544
10000,1000,930,42
10000,1000,9233,71683
10000,1000,3063,71668
10000,1000,1542,16
10000,1000,1326,54
10000,1000,360,447
10000,1000,8851,71332
10000,1000,1078,10
10000,1000,1701,9
10000,1000,2065,48
10000,1000,337,575
10000,1000,5507,473
10000,1000,9089,71810
10000,1000,3769,39
10000,1000,1982,9
10000,1000,2239,72012
10000,1000,6891,51
10000,1000,2654,83472
10000,1000,2618,74
10000,1000,610,505
10000,1000,9717,72241
10000,1000,3757,72252
10000,1000,8459,71852
10000,1000,5507,71994
10000,1000,1313,18
10000,1000,7609,63
10000,1000,1608,72056
10000,1000,1013,42
10000,1000,2171,72601
10000,1000,2454,63
10000,1000,1006,764
10000,1000,9068,83739
10000,1000,3797,16
10000,1000,220,662
10000,1000,7767,50788
10000,1000,3632,668
10000,1000,1140,41
10000,1000,941,20
10000,1000,6379,72880
10000,1000,1124,485
10000,1000,6789,107044
10000,1000,6514,73294
10000,1000,6109,22
10000,1000,8715,73297
10000,1000,2276,48736
10000,1000,3185,73535
10000,1000,2224,42
10000,1000,8346,10
10000,1000,3492,52283
10000,1000,5190,48724
10000,1000,1875,44
10000,1000,5433,52367
10000,1000,4754,1161
10000,1000,4223,51640
10000,1000,4802,25
10000,1000,2591,1059
10000,1000,2706,48
10000,1000,3417,51553
10000,1000,1410,10
10000,1000,6785,48368
10000,1000,417,23
10000,1000,572,15
10000,1000,2854,50022
10000,1000,653,10
10000,1000,6694,641
10000,1000,1398,637
10000,1000,7527,583
10000,1000,3906,48911
10000,1000,9416,40095
10000,1000,500,17
10000,1000,3143,825
10000,1000,2991,29
10000,1000,1601,101
10000,1000,5058,826
10000,1000,2813,30
10000,1000,2519,878
10000,1000,4451,5
10000,1000,8021,841
10000,1000,3099,859
10000,1000,3764,40677
10000,1000,3704,937
10000,1000,4427,871
10000,1000,358,878
10000,1000,4614,35649
10000,1000,2159,13
10000,1000,5576,35069
10000,1000,688,30
10000,1000,1854,21
10000,1000,4433,40030
10000,1000,2297,5
10000,1000,1115,5
10000,1000,2546,5
10000,1000,99,1379
10000,1000,1837,37405
10000,1000,8547,1470
10000,1000,7864,132879
10000,1000,6444,10
10000,1000,1293,5
10000,1000,2326,87654
10000,1000,1507,2525
10000,1000,3699,36683
10000,1000,2957,36137
10000,1000,68,3043
10000,1000,3963,6
10000,1000,249,2997
10000,1000,844,6
10000,1000,8462,37173
10000,1000,2269,2716
10000,1000,5353,37502
10000,1000,6496,37140
10000,1000,2710,10
10000,1000,1511,2343
10000,1000,7829,36176
10000,1000,8609,36184
10000,1000,7778,36317
10000,1000,4456,36616
10000,1000,4131,36372
10000,1000,814,2066
10000,1000,1185,1950
10000,1000,3562,36963
10000,1000,4516,1765
10000,1000,3233,36535
10000,1000,5924,2204
10000,1000,4442,2188
10000,1000,3510,90792
10000,1000,2241,2309
10000,1000,5728,37656
10000,1000,4198,2239
10000,1000,217,2258
10000,1000,8828,37456
10000,1000,7836,91510
10000,1000,189,2639
10000,1000,7977,36841
10000,1000,5327,2874
10000,1000,57,3008
10000,1000,3925,2928
10000,1000,8404,2973
10000,1000,7725,36585
10000,1000,1600,3675
10000,1000,8325,37361
10000,1000,8974,36407
10000,1000,8284,37232
10000,1000,5995,37130
10000,1000,2174,35856
10000,1000,5680,36324
10000,1000,4241,94215
10000,1000,7850,35742
10000,1000,6768,94486
10000,1000,521,36268
10000,1000,3149,36331
10000,1000,8663,36359
10000,1000,7055,36485
10000,1000,6079,36751
10000,1000,6024,37114
10000,1000,5422,36955
10000,1000,3558,37316
10000,1000,9736,96362
10000,1000,8082,37624
10000,1000,1134,38043
10000,1000,4955,38026
10000,1000,4993,38783
10000,1000,8357,39110
10000,1000,4308,38940
10000,1000,2926,39241
10000,1000,8357,39734
10000,1000,5001,39317
10000,1000,8858,99013
10000,1000,7998,39694
10000,1000,3735,40795
10000,1000,7117,101079
10000,1000,9561,41865
10000,1000,7972,102194
10000,1000,8223,102456
10000,1000,9050,43000
10000,1000,7408,43062
10000,1000,6807,43236
10000,1000,7001,43604
10000,1000,7508,44474
10000,1000,7801,123250
10000,1000,9936,103933
10000,1000,3548,44103
10000,1000,2234,44353
10000,1000,4567,45311
10000,1000,6481,104721
10000,1000,4160,45806
10000,1000,7739,45200
10000,1000,6645,105462
10000,1000,8723,45619
10000,1000,7465,105630
10000,1000,6504,46092
10000,1000,3967,47369
10000,1000,9796,46352
10000,1000,6798,106793
10000,1000,3395,47646
10000,1000,7720,48170
10000,1000,3885,48165
10000,1000,8451,47387
10000,1000,8120,107771
10000,1000,1178,47996
10000,1000,6955,48343
10000,1000,9375,49311
10000,1000,2930,109089
10000,1000,5659,49952
10000,1000,5851,49048
10000,1000,9708,109656
10000,1000,8910,50491
10000,1000,456,49450
10000,1000,3053,130136
10000,1000,4636,51214
10000,1000,2740,51441
100000,10,64606,283
100000,10,1135,170
100000,10,1704,44
100000,10,3470,67
100000,10,33656,603
100000,10,77477,46
100000,10,19918,689
100000,10,32791,563
100000,10,38774,1070
100000,10,36701,946
100000,100,6365,52
100000,100,13706,8605
100000,100,10180,11912
100000,100,35878,5
100000,100,77870,5
100000,100,94237,10972
100000,100,2043,4
100000,100,66418,112
100000,100,3786,204
100000,100,13416,82
100000,100,22069,232
100000,100,44462,153
100000,100,16625,106
100000,100,2170,4
100000,100,68496,351
100000,100,65536,281
100000,100,65957,603
100000,100,3150,227
100000,100,75899,524
100000,100,4167,4
100000,100,48633,4
100000,100,49399,563
100000,100,2515,340
100000,100,20321,492
100000,100,38130,4
100000,100,49910,943
100000,100,28949,46
100000,100,82699,475
100000,100,75354,1447
100000,100,46357,1357
100000,100,77682,1764
100000,100,70397,1574
100000,100,7339,8
100000,100,33824,140
100000,100,20248,104
100000,100,72428,1655
100000,100,10994,154
100000,100,4940,46
100000,100,76558,2704
100000,100,24323,49
100000,100,1837,44
100000,100,1476,44
100000,100,2812,46
100000,100,92030,2758
100000,100,47540,2951
100000,100,89269,3149
100000,100,49349,3734
100000,100,25933,44
100000,100,2429,44
100000,100,67240,9970
100000,100,51448,16748
100000,100,45885,6400
100000,100,15963,16762
100000,100,16889,97
100000,100,36837,16328
100000,100,734,8
100000,100,77496,4
100000,100,745,105
100000,100,91406,16846
100000,100,96980,17377
100000,100,21992,16328
100000,100,48806,16834
100000,100,44564,16308
100000,100,51163,17106
100000,100,51838,16652
100000,100,17479,17134
100000,100,82402,18612
100000,100,86722,16984
100000,100,58582,16646
100000,100,22494,16815
100000,100,82300,18645
100000,100,82250,16714
100000,100,82910,16521
100000,100,48377,15867
100000,100,32758,16853
100000,100,88802,18731
100000,100,33531,15750
100000,100,35769,15540
100000,100,83655,16063
100000,100,50384,16013
100000,100,27275,15843
100000,100,37958,15039
100000,100,96187,18723
100000,100,53426,15468
100000,100,96474,2388
100000,100,81283,2403
100000,100,71687,2403
100000,100,88592,2365
100000,100,64678,2531
100000,100,78013,17913
100000,100,84502,17818
100000,100,91921,17808
100000,100,61845,17425
100000,100,74900,19692
100000,100,64658,11630
100000,100,96251,27912
100000,100,45377,24991
100000,100,86196,25138
100000,100,87340,12099
100000,1000,33151,111
100000,1000,42329,51
100000,1000,99078,49
100000,1000,43825,51
100000,1000,42889,47
100000,1000,55932,47
100000,1000,37410,47
100000,1000,62583,47
100000,1000,32256,47
100000,1000,99553,47
100000,1000,11281,47
100000,1000,80889,46
100000,1000,6073,48
100000,1000,99835,47
100000,1000,2774,48
100000,1000,3578,47
100000,1000,86826,47
100000,1000,31756,46
100000,1000,93236,47
100000,1000,84357,192
100000,1000,95084,47
100000,1000,82955,47
100000,1000,46774,47
100000,1000,9207,47
100000,1000,3581,55
100000,1000,97016,47
100000,1000,38802,46
100000,1000,43475,46
100000,1000,88320,46
100000,1000,6172,46
100000,1000,58435,46
100000,1000,89851,19
100000,1000,95394,165
100000,1000,6969,309
100000,1000,8711,47
100000,1000,55169,862
100000,1000,13187,44
100000,1000,19831,42
100000,1000,45124,42
100000,1000,14012,1299
100000,1000,26174,1454
100000,1000,291,1538
100000,1000,34659,668
100000,1000,52108,2184
100000,1000,58123,959
100000,1000,54118,2027
100000,1000,87859,1236
100000,1000,34073,1421
100000,1000,30039,2724
100000,1000,27501,3482
100000,1000,14704,2824
100000,1000,59689,2387
100000,1000,89059,3947
100000,1000,27599,2937
100000,1000,4222,3137
100000,1000,57413,4646
100000,1000,67744,3434
100000,1000,70108,5011
100000,1000,8960,3710
100000,1000,84192,5224
100000,1000,70214,4364
100000,1000,4725,3980
100000,1000,26825,5650
100000,1000,60174,4957
100000,1000,86097,5713
100000,1000,87233,6585
100000,1000,24272,5450
100000,1000,32131,5056
100000,1000,36734,5248
100000,1000,52011,5827
100000,1000,4928,5445
100000,1000,31168,6113
100000,1000,26909,5728
100000,1000,34486,4130
100000,1000,71222,7170
100000,1000,96585,7359
100000,1000,81544,7499
100000,1000,96356,7451
100000,1000,83359,8851
100000,1000,99134,9701
100000,1000,88617,8380
100000,1000,92239,9683
100000,1000,82194,8777
100000,1000,44937,48
100000,1000,96247,48
100000,1000,54767,46
100000,1000,39976,59
100000,1000,85229,48
100000,1000,12256,47
100000,1000,66944,46
100000,1000,89450,46
100000,1000,15865,47
100000,1000,14854,47
100000,1000,71417,47
100000,1000,62214,69
100000,1000,76965,48
100000,1000,5038,47
100000,1000,91171,47
100000,1000,5574,47
100000,1000,4450,47
100000,1000,58945,49
100000,1000,56682,48
100000,1000,30398,47
100000,1000,92482,47
100000,1000,34414,47
100000,1000,70144,46
100000,1000,54250,46
100000,1000,37430,46
100000,1000,6465,46
100000,1000,92122,46
100000,1000,79820,45
100000,1000,59915,46
100000,1000,31642,50
100000,1000,90330,46
100000,1000,49236,46
100000,1000,54200,46
100000,1000,67267,46
100000,1000,86044,46
100000,1000,3028,46
100000,1000,66156,46
100000,1000,74193,46
100000,1000,84200,46
100000,1000,31033,46
100000,1000,28202,46
100000,1000,56029,46
100000,1000,44144,46
100000,1000,90203,45
100000,1000,77708,46
100000,1000,15738,45
100000,1000,85570,45
100000,1000,32163,45
100000,1000,76624,46
100000,1000,82573,46
100000,1000,95435,56
100000,1000,65874,49
100000,1000,4378,84
100000,1000,92313,46
100000,1000,6657,46
100000,1000,28786,114
100000,1000,88402,47
100000,1000,61208,46
100000,1000,72071,46
100000,1000,18117,46
100000,1000,75493,45
100000,1000,6606,49
100000,1000,60604,45
100000,1000,52757,45
100000,1000,28603,46
100000,1000,26519,50
100000,1000,99592,46
100000,1000,90798,49
100000,1000,71400,46
100000,1000,4819,45
100000,1000,95965,45
100000,1000,18603,45
100000,1000,21500,46
100000,1000,75544,45
100000,1000,45944,46
100000,1000,20174,46
100000,1000,93720,45
100000,1000,1522,46
100000,1000,39432,45
100000,1000,77272,46
100000,1000,500,46
100000,1000,93319,45
100000,1000,30834,45
100000,1000,11648,54
100000,1000,41795,45
100000,1000,35868,45
100000,1000,29780,46
100000,1000,94881,46
100000,1000,1910,46
100000,1000,72186,46
100000,1000,58003,46
100000,1000,64828,46
100000,1000,27803,46
100000,1000,48881,46
100000,1000,63764,46
100000,1000,10009,45
100000,1000,91739,45
100000,1000,78244,45
100000,1000,59608,46
100000,1000,89765,46
100000,1000,879,46
100000,1000,27171,46
100000,1000,88819,47
100000,1000,84354,46
100000,1000,38188,45
100000,1000,28794,45
100000,1000,94506,46
100000,1000,89688,45
100000,1000,77152,49
100000,1000,67735,47
100000,1000,91327,53
100000,1000,99909,46
100000,1000,72649,46
100000,1000,7071,46
100000,1000,42170,47
100000,1000,26537,46
100000,1000,58467,46
100000,1000,54914,56
100000,1000,11095,46
100000,1000,56932,46
100000,1000,22973,46
100000,1000,8574,59
100000,1000,77680,46
100000,1000,39264,45
100000,1000,13848,45
100000,1000,53576,45
100000,1000,64698,45
100000,1000,28730,45
100000,1000,79484,46
100000,1000,19750,46
100000,1000,36935,45
100000,1000,73466,46
100000,1000,63383,51
100000,1000,42709,45
100000,1000,43236,45
100000,1000,48406,46
100000,1000,86371,47
100000,1000,25599,45
100000,1000,96417,45
100000,1000,60881,46
100000,1000,28451,48
100000,1000,96125,46
100000,1000,17758,46
100000,1000,94967,46
100000,1000,88261,46
100000,1000,51086,46
100000,1000,69401,46
100000,1000,5463,47
100000,1000,45890,46
100000,1000,51334,46
100000,1000,71240,45
100000,1000,23660,46
100000,1000,59784,46
100000,1000,1989,46
100000,1000,39871,46
100000,1000,67806,58
100000,1000,22708,45
100000,1000,61442,45
100000,1000,89618,45
100000,1000,39255,45
100000,1000,28673,45
100000,1000,52235,45
100000,1000,95373,47
100000,1000,33902,50
100000,1000,6566,45
100000,1000,45501,45
100000,1000,44774,48
100000,1000,38223,46
100000,1000,76750,688
100000,1000,81036,49
100000,1000,57355,50
100000,1000,16172,47
100000,1000,28976,46
100000,1000,80504,123
100000,1000,58129,635
100000,1000,49975,50
100000,1000,70800,46
100000,1000,12529,46
100000,1000,44608,45
100000,1000,63656,46
100000,1000,93521,46
100000,1000,72574,53
100000,1000,65187,53
100000,1000,38685,46
100000,1000,18156,46
100000,1000,42245,45
100000,1000,58794,51
100000,1000,13107,45
100000,1000,20692,44
100000,1000,2762,45
100000,1000,99599,44
100000,1000,28097,44
100000,1000,41208,44
100000,1000,18597,43
100000,1000,32679,44
100000,1000,92477,44
100000,1000,36039,44
100000,1000,21119,44
100000,1000,4837,44
100000,1000,1390,43
100000,1000,95953,44
100000,1000,53385,44
100000,1000,73583,44
100000,1000,32852,44
100000,1000,7928,43
100000,1000,16760,44
100000,1000,24916,44
100000,1000,7195,44
100000,1000,69414,43
100000,1000,36625,44
100000,1000,35428,44
100000,1000,12248,45
100000,1000,61997,44
100000,1000,90732,44
100000,1000,39919,45
100000,1000,17580,44
100000,1000,33834,45
100000,1000,28868,44
100000,1000,96949,45
100000,1000,59236,47
100000,1000,37010,45
100000,1000,54845,84
100000,1000,78315,45
100000,1000,49622,44
100000,1000,70267,54
100000,1000,78083,31
100000,1000,19145,10
100000,1000,73754,16
100000,1000,77553,4
100000,1000,20529,5
100000,1000,26782,106
100000,1000,30821,10
100000,1000,31475,4
100000,1000,28114,320
100000,1000,87435,42
100000,1000,66199,624
100000,1000,48133,528
100000,1000,20312,1287
100000,1000,72105,1259
100000,1000,23406,1528
100000,1000,86241,1557
100000,1000,41928,1824
100000,1000,62729,2346
100000,1000,58198,1733
100000,1000,3378,2319
100000,1000,54082,2557
100000,1000,17327,2131
100000,1000,16738,2656
100000,1000,28981,2188
100000,1000,34272,2515
100000,1000,1326,2256
100000,1000,59045,2653
100000,1000,85205,2884
100000,1000,41300,2270
100000,1000,53518,2488
100000,1000,84638,2901
100000,1000,62922,3070
100000,1000,67712,2104
100000,1000,1250,2345
100000,1000,19870,2380
100000,1000,13084,3185
100000,1000,96186,2732
100000,1000,88096,3002
100000,1000,70172,2804
100000,1000,60870,3085
100000,1000,97553,1267
100000,1000,83705,3473
100000,1000,83398,5025
100000,1000,71964,5774
100000,1000,92627,5766
100000,1000,91244,46
100000,1000,10269,47
100000,1000,33908,46
100000,1000,78720,45
100000,1000,3299,46
100000,1000,95103,45
100000,1000,82891,46
100000,1000,38737,46
100000,1000,28269,45
100000,1000,1256,45
100000,1000,62153,45
100000,1000,61317,46
100000,1000,15094,50
100000,1000,96122,45
100000,1000,59927,46
100000,1000,36606,46
100000,1000,2428,46
100000,1000,80190,45
100000,1000,32653,46
100000,1000,90880,46
100000,1000,78210,45
100000,1000,21760,45
100000,1000,80690,45
100000,1000,3274,45
100000,1000,41277,44
100000,1000,7891,45
100000,1000,60735,44
100000,1000,56738,45
100000,1000,74502,45
100000,1000,35937,46
100000,1000,42006,54
100000,1000,44336,46
100000,1000,60835,45
100000,1000,6201,45
100000,1000,69394,44
100000,1000,29888,45
100000,1000,96591,45
100000,1000,17121,45
100000,1000,53315,45
100000,1000,53114,45
100000,1000,90081,45
100000,1000,61087,46
100000,1000,82873,81
100000,1000,20138,46
100000,1000,70990,57
100000,1000,54636,46
100000,1000,53874,45
100000,1000,90305,47
100000,1000,27270,46
100000,1000,94877,47
100000,1000,8007,58
100000,1000,59224,46
100000,1000,95338,46
100000,1000,49542,47
100000,1000,73043,45
100000,1000,21164,46
100000,1000,71392,46
100000,1000,33068,47
100000,1000,63091,46
100000,1000,76188,46
100000,1000,96724,47
100000,1000,41492,46
100000,1000,66498,46
100000,1000,42494,45
100000,1000,80252,45
100000,1000,55367,45
100000,1000,26489,49
100000,1000,2866,46
100000,1000,16115,46
100000,1000,85695,45
100000,1000,66224,45
100000,1000,88693,58
100000,1000,63617,47
100000,1000,32121,46
100000,1000,83686,45
100000,1000,94121,45
100000,1000,65149,46
100000,1000,101,45
100000,1000,92002,46
100000,1000,78014,44
100000,1000,12515,67
100000,1000,34993,43
100000,1000,46958,41
100000,1000,37849,43
100000,1000,48757,42
100000,1000,60108,276
100000,1000,17236,42
100000,1000,28570,58
100000,1000,1500,588
100000,1000,67104,12
100000,1000,9064,8
100000,1000,28827,6
100000,1000,43906,295
100000,1000,8563,404
100000,1000,4657,1235
100000,1000,45467,1418
100000,1000,12169,918
100000,1000,37728,1238
100000,1000,76475,1388
100000,1000,56063,3214
100000,1000,89096,3408
100000,1000,66077,3249
100000,1000,57532,3328
100000,1000,57133,3515
100000,1000,35969,3696
100000,1000,68323,3967
100000,1000,86548,4544
100000,1000,38916,45
100000,1000,34525,44
100000,1000,18001,725
100000,1000,71778,47
100000,1000,2519,46
100000,1000,72601,46
100000,1000,14438,44
100000,1000,79301,44
100000,1000,55848,44
100000,1000,91621,44
100000,1000,57846,44
100000,1000,85639,44
100000,1000,35113,43
100000,1000,28792,43
100000,1000,32123,46
100000,1000,17462,43
100000,1000,41515,44
100000,1000,307,7
100000,1000,49338,9
100000,1000,36982,7
100000,1000,80861,7
100000,1000,95463,7
100000,1000,53839,7
100000,1000,79216,7
100000,1000,55472,7
100000,1000,5294,7
100000,1000,49201,7
100000,1000,5025,7
100000,1000,65265,7
100000,1000,98878,8
100000,1000,82349,5
100000,1000,58422,5
100000,1000,42286,34224
100000,1000,20099,42
100000,1000,38772,41
100000,1000,61020,37531
100000,1000,10985,37611
100000,1000,80617,38211
100000,1000,37339,41083
100000,1000,3416,41171
100000,1000,54574,41256
100000,1000,37515,41348
100000,1000,73965,42065
100000,1000,5584,43191
100000,1000,54641,43651
100000,1000,98794,43954
100000,1000,51754,44208
100000,1000,68177,45314
100000,1000,56628,45749
100000,1000,33243,45827
100000,1000,30559,45911
100000,1000,96181,46785
100000,1000,57612,47522
100000,1000,68702,47875
100000,1000,82382,48217
100000,1000,81382,48225
100000,1000,51383,48230
100000,1000,49030,48420
100000,1000,37624,48425
100000,1000,48450,48427
100000,1000,40996,48637
100000,1000,32447,48793
100000,1000,59241,48795
100000,1000,26398,48826
100000,1000,58923,48844
100000,1000,73106,49052
100000,1000,45047,49192
100000,1000,95581,49268
100000,1000,63877,49395
100000,1000,49298,49562
100000,1000,41880,49742
100000,1000,84518,49776
100000,1000,20193,49770
100000,1000,18494,49961
100000,1000,15073,49969
100000,1000,20914,49982
100000,1000,32876,50385
100000,1000,90358,50428
100000,1000,16779,50422
100000,1000,561,50435
100000,1000,20758,50448
100000,1000,54256,50686
100000,1000,50799,50855
100000,1000,94875,50957
100000,1000,65605,51076
100000,1000,59934,51078
100000,1000,91038,51580
100000,1000,71057,51665
100000,1000,9579,51674
100000,1000,27197,51717
100000,1000,33066,51790
100000,1000,80166,51912
100000,1000,1267,51873
100000,1000,63662,51904
100000,1000,37002,51933
100000,1000,61051,52057
100000,1000,70401,52089
100000,1000,59391,52084
100000,1000,64636,52230
100000,1000,88600,52271
100000,1000,25865,51874
100000,1000,37237,52436
100000,1000,79640,51425
100000,1000,89943,52596
100000,1000,38618,51426
100000,1000,26561,51456
100000,1000,70478,51693
100000,1000,78632,51702
100000,1000,63142,51762
100000,1000,25056,51811
100000,1000,67612,51850
100000,1000,21050,51847
100000,1000,61982,52047
100000,1000,57468,52067
100000,1000,98558,52128
100000,1000,69584,52331
100000,1000,55231,52327
100000,1000,79515,52450
100000,1000,91650,52687
100000,1000,20870,52709
100000,1000,48748,53190
100000,1000,79454,53300
100000,1000,30949,53319
100000,1000,21814,53380
100000,1000,189,53398
100000,1000,63847,53430
100000,1000,21452,53447
100000,1000,82373,53691
100000,1000,1556,53690
100000,1000,13725,53693
100000,1000,36453,53909
100000,1000,48790,53931
100000,1000,13794,53927
100000,1000,11034,53941
100000,1000,13783,53988
100000,1000,13253,54000
100000,1000,14501,54045
100000,1000,68422,54027
100000,1000,94307,54109
100000,1000,81866,54127
100000,1000,26111,54158
100000,1000,28664,54173
100000,1000,44290,54354
100000,1000,63078,54390
100000,1000,76273,54571
100000,1000,79797,54637
100000,1000,75312,54635
100000,1000,16362,54652
100000,1000,14294,54672
100000,1000,36684,54857
100000,1000,49224,54865
100000,1000,35257,54883
100000,1000,19253,54872
100000,1000,26314,55110
100000,1000,13187,55121
100000,1000,41257,55146
100000,1000,86165,55340
100000,1000,70481,55420
100000,1000,37968,55513
100000,1000,18009,55607
100000,1000,87873,55648
100000,1000,54599,55646
100000,1000,6136,55657
100000,1000,16254,55699
100000,1000,77449,55856
100000,1000,31257,56130
100000,1000,51186,56170
100000,1000,24341,56190
100000,1000,55624,56353
100000,1000,84931,56591
100000,1000,83455,56622
100000,1000,21801,56624
100000,1000,60373,56655
100000,1000,24571,56672
100000,1000,70924,56865
100000,1000,90810,56893
100000,1000,393,56868
100000,1000,17684,56879
100000,1000,759,56894
100000,1000,43624,57094
100000,1000,76969,57267
100000,1000,54568,57450
100000,1000,72586,57463
100000,1000,66617,57651
100000,1000,5652,57827
100000,1000,87395,57891
100000,1000,92051,58015
100000,1000,3584,58018
100000,1000,91641,58196
100000,1000,83300,58224
100000,1000,83273,58395
100000,1000,56790,58553
100000,1000,62225,58580
100000,1000,6973,58579
100000,1000,24691,58592
100000,1000,64345,58812
100000,1000,43138,58823
100000,1000,64694,58989
100000,1000,88893,59002
100000,1000,71330,59191
100000,1000,41851,59362
100000,1000,87651,59387
100000,1000,96060,59709
100000,1000,23364,59726
100000,1000,98555,59923
100000,1000,84135,60048
100000,1000,16414,60419
100000,1000,67729,60492
100000,1000,25411,60716
100000,1000,79951,61029
100000,1000,10655,61075
100000,1000,61267,61410
100000,1000,77641,61615
100000,1000,72954,61793
100000,1000,78378,61962
100000,1000,76320,61988
100000,1000,92710,62197
100000,1000,52389,62371
100000,1000,76387,62462
100000,1000,64386,62432
100000,1000,38263,62579
100000,1000,11449,62629
100000,1000,55790,62685
100000,1000,56363,62689
100000,1000,573,62703
100000,1000,67571,62801
100000,1000,268,62809
100000,1000,29931,62824
100000,1000,11943,62856
100000,1000,28619,62904
100000,1000,91908,62992
100000,1000,21742,63022
100000,1000,46904,63068
100000,1000,46110,63066
100000,1000,14254,63076
100000,1000,75064,63193
100000,1000,36799,63266
100000,1000,45091,63295
100000,1000,12438,63308
100000,1000,32210,63380
100000,1000,79365,63471
100000,1000,91527,63455
100000,1000,76082,63473
100000,1000,20799,63524
100000,1000,10206,63517
100000,1000,38752,63554
100000,1000,31394,63546
100000,1000,47726,63573
100000,1000,31063,63591
100000,1000,94824,63743
100000,1000,4652,63783
100000,1000,82639,63816
100000,1000,87898,63889
100000,1000,33913,63867
100000,1000,78168,63900
100000,1000,30108,63910
100000,1000,78510,64091
100000,1000,65733,64078
100000,1000,85059,64092
100000,1000,38124,64098
100000,1000,5001,64130
100000,1000,70414,64332
100000,1000,28849,64312
100000,1000,72258,64336
100000,1000,63637,64465
100000,1000,70840,64562
100000,1000,58344,64541
100000,1000,74555,64679
100000,1000,25351,64669
100000,1000,3305,64714
100000,1000,31813,64776
100000,1000,5524,64787
100000,1000,96388,64866
100000,1000,38992,64865
100000,1000,67076,64887
100000,1000,86693,64935
100000,1000,76752,65033
100000,1000,3392,65043
100000,1000,41523,65067
100000,1000,73323,65091
100000,1000,18055,65106
100000,1000,31957,65156
100000,1000,29592,65166
100000,1000,83701,65203
100000,1000,34056,65245
100000,1000,44464,65281
100000,1000,8912,65283
100000,1000,79157,65389
100000,1000,47727,65325
100000,1000,9445,65345
100000,1000,3522,65379
100000,1000,60857,65419
100000,1000,22397,65424
100000,1000,92196,65440
100000,1000,36748,65514
100000,1000,25804,65523
100000,1000,89803,65586
100000,1000,43593,65604
100000,1000,27468,65650
100000,1000,3477,65686
100000,1000,43275,65684
100000,1000,55606,65719
100000,1000,29923,65747
100000,1000,58279,65783
100000,1000,4514,65829
100000,1000,64073,65875
100000,1000,53603,65888
100000,1000,99011,65989
100000,1000,50723,66050
100000,1000,86840,66111
100000,1000,86620,66279
100000,1000,31051,66306
100000,1000,26542,66366
100000,1000,98710,66413
100000,1000,26074,66404
100000,1000,44684,66443
100000,1000,72310,66521
100000,1000,41597,66536
100000,1000,93115,66563
100000,1000,70664,66709
100000,1000,95610,66730
100000,1000,17042,66769
100000,1000,2362,66829
100000,1000,88611,66895
100000,1000,77774,66987
100000,1000,70672,66971
100000,1000,33073,67031
100000,1000,49248,67109
100000,1000,58379,67192
100000,1000,87396,67373
100000,1000,90554,67530
100000,1000,51615,67553
100000,1000,37896,67586
100000,1000,92790,67806
100000,1000,77543,67889
100000,1000,86866,68014
100000,1000,64308,68027
100000,1000,34345,68249
100000,1000,25699,68257
100000,1000,81206,68287
100000,1000,13855,68275
100000,1000,73688,68429
100000,1000,19586,68505
100000,1000,85540,68502
100000,1000,68913,68550
100000,1000,5426,68577
100000,1000,74595,68618
100000,1000,6683,68614
100000,1000,20436,68631
100000,1000,2230,68668
100000,1000,55989,68705
100000,1000,90990,68748
100000,1000,9696,68759
100000,1000,26469,68770
100000,1000,47955,68810
100000,1000,66368,68858
100000,1000,86357,68941
100000,1000,8355,68896
100000,1000,42090,68945
100000,1000,79159,69057
100000,1000,78022,69094
100000,1000,83248,69188
100000,1000,35393,69191
100000,1000,3664,69203
100000,1000,93920,69230
100000,1000,86983,69368
100000,1000,80411,69402
100000,1000,91854,69506
100000,1000,5452,69477
100000,1000,10199,69520
100000,1000,61736,69538
100000,1000,47934,69566
100000,1000,9010,69758
100000,1000,6863,69776
100000,1000,20620,69815
100000,1000,80604,69865
100000,1000,15670,69847
100000,1000,43255,69868
100000,1000,97942,70050
100000,1000,2128,69897
100000,1000,92817,69950
100000,1000,29163,69965
100000,1000,69105,69979
100000,1000,59153,70104
100000,1000,80331,70117
100000,1000,75991,70249
100000,1000,93185,70265
100000,1000,86890,70387
100000,1000,43732,70466
100000,1000,68876,70560
100000,1000,5754,70565
100000,1000,19181,70576
100000,1000,43612,70600
100000,1000,77397,70675
100000,1000,48140,70686
100000,1000,77012,70767
100000,1000,82285,70851
100000,1000,1515,70901
100000,1000,58273,70941
100000,1000,19317,70970
100000,1000,40747,70995
100000,1000,83344,71204
100000,1000,87987,71214
100000,1000,30716,71390
100000,1000,46171,71573
100000,1000,9225,71584
100000,1000,24382,71601
100000,1000,88579,71769
100000,1000,96562,71854
100000,1000,53772,71959
100000,1000,25300,71968
100000,1000,47226,72160
100000,1000,78998,72171
100000,1000,5236,72173
100000,1000,47672,72397
100000,1000,82623,72429
100000,1000,32791,72435
100000,1000,32493,72505
100000,1000,72627,72623
100000,1000,59068,72783
100000,1000,58723,72793
100000,1000,18689,72806
100000,1000,84173,73001
100000,1000,91604,73053
100000,1000,39656,73036
100000,1000,89855,73297
100000,1000,30679,73437
100000,1000,85320,73433
100000,1000,75318,73474
100000,1000,21712,73486
100000,1000,81353,73675
100000,1000,88687,73739
100000,1000,69518,73809
100000,1000,52842,73834
100000,1000,9164,73885
100000,1000,9336,73922
100000,1000,56307,73994
100000,1000,71102,74045
100000,1000,54310,74090
100000,1000,48876,74134
100000,1000,32153,74176
100000,1000,8907,74184
100000,1000,27568,74200
100000,1000,56826,74428
100000,1000,56676,74461
100000,1000,62026,74442
100000,1000,24068,74453
100000,1000,82291,74782
100000,1000,75744,74971
100000,1000,11644,74960
100000,1000,43193,74963
100000,1000,7621,74976
100000,1000,6839,75335
100000,1000,76350,75346
100000,1000,82568,75357
100000,1000,20041,75368
100000,1000,46028,75718
100000,1000,75108,75732
100000,1000,38360,75748
100000,1000,28945,75754
100000,1000,75451,75928
100000,1000,47130,75964
100000,1000,1973,75989
100000,1000,60263,76218
100000,1000,84473,76229
100000,1000,1748,76233
100000,1000,5641,76261
100000,1000,16608,76275
100000,1000,49878,76305
100000,1000,28492,76343
100000,1000,93902,76562
100000,1000,94450,76783
100000,1000,53651,76789
100000,1000,55792,76827
100000,1000,11172,76861
100000,1000,41075,76898
100000,1000,44477,76959
100000,1000,59483,76960
100000,1000,94936,77477
100000,1000,72153,77361
100000,1000,37586,77542
100000,1000,93590,77604
100000,1000,67361,77598
100000,1000,95976,77741
100000,1000,30317,77795
100000,1000,56059,77855
100000,1000,16152,77827
100000,1000,67574,77870
100000,1000,48145,77921
100000,1000,44556,78058
100000,1000,86361,78259
100000,1000,20060,78245
100000,1000,78422,78270
100000,1000,85697,78404
100000,1000,32947,78437
100000,1000,42264,78534
100000,1000,56712,78598
100000,1000,18408,78590
100000,1000,25594,78627
100000,1000,33914,78677
100000,1000,36240,78666
100000,1000,18437,78703
100000,1000,48028,78721
100000,1000,62962,78822
100000,1000,24227,78914
100000,1000,24498,78938
100000,1000,92559,79101
100000,1000,35215,79105
100000,1000,47868,79281
100000,1000,74907,79317
100000,1000,83866,79470
100000,1000,18005,79484
100000,1000,28033,79489
100000,1000,2164,79500
100000,1000,31793,79713
100000,1000,11355,79876
100000,1000,73226,79915
100000,1000,28939,79928
100000,1000,14819,79955
100000,1000,16470,79972
100000,1000,80230,80022
100000,1000,51579,80170
100000,1000,41599,80200
100000,1000,73047,80223
100000,1000,39048,80263
100000,1000,70277,80432
100000,1000,18936,80417
100000,1000,796,80460
100000,1000,26093,80516
100000,1000,74725,80560
