M,N,accessTime
1000,10,314,1373
1000,10,150,510
1000,10,54,3231
1000,10,169,53
1000,10,410,55
1000,10,288,58
1000,10,784,1364
1000,10,387,1669
1000,10,908,1389
1000,10,771,5771
1000,100,922,129
1000,100,934,40
1000,100,112,79
1000,100,81,40
1000,100,141,47
1000,100,565,77
1000,100,167,33
1000,100,292,39
1000,100,35,36
1000,100,205,2140
1000,100,410,227
1000,100,509,2377
1000,100,192,100
1000,100,138,32
1000,100,171,33
1000,100,103,31
1000,100,522,31
1000,100,273,31
1000,100,221,2810
1000,100,711,3926
1000,100,839,30
1000,100,496,34
1000,100,305,31
1000,100,246,40
1000,100,594,3301
1000,100,291,35
1000,100,485,34
1000,100,142,34
1000,100,226,34
1000,100,425,34
1000,100,646,32
1000,100,46,35
1000,100,534,32
1000,100,441,33
1000,100,150,5663
1000,100,588,11239
1000,100,473,31
1000,100,92,31
1000,100,342,29
1000,100,510,38
1000,100,186,29
1000,100,939,41
1000,100,248,36
1000,100,93,8959
1000,100,130,29
1000,100,443,60
1000,100,638,9016
1000,100,460,28
1000,100,18,9070
1000,100,982,27
1000,100,966,11225
1000,100,324,31
1000,100,95,30
1000,100,343,30
1000,100,796,38
1000,100,8,180
1000,100,489,29
1000,100,43,29
1000,100,77,29
1000,100,868,12349
1000,100,126,27
1000,100,211,19287
1000,100,860,12178
1000,100,730,11953
1000,100,893,12257
1000,100,936,12116
1000,100,293,5417
1000,100,604,11917
1000,100,488,12215
1000,100,934,19920
1000,100,329,4934
1000,100,140,8174
1000,100,150,21380
1000,100,292,8234
1000,100,674,8516
1000,100,858,4961
1000,100,969,20189
1000,100,681,18504
1000,100,428,8909
1000,100,358,8830
1000,100,233,8686
1000,100,368,23765
1000,100,776,9341
1000,100,473,8484
1000,100,646,8475
1000,100,579,20108
1000,100,459,20242
1000,100,670,8834
1000,100,357,8398
1000,100,876,12809
1000,100,910,12636
1000,100,549,11195
1000,100,505,22519
1000,100,371,25506
1000,100,997,15446
1000,100,672,12105
1000,100,812,22628
1000,100,891,12268
1000,100,750,11410
1000,100,900,25181
1000,1000,411,33
1000,1000,350,168
1000,1000,281,117
1000,1000,918,2218
1000,1000,47,2825
1000,1000,240,44
1000,1000,1000,20
1000,1000,35,2494
1000,1000,96,2620
1000,1000,94,2725
1000,1000,307,1123
1000,1000,465,22
1000,1000,234,34
1000,1000,626,776
1000,1000,966,22
1000,1000,839,3774
1000,1000,871,772
1000,1000,484,1145
1000,1000,281,38
1000,1000,740,795
1000,1000,554,24
1000,1000,269,1721
1000,1000,218,1928
1000,1000,456,21
1000,1000,170,2077
1000,1000,331,4429
1000,1000,64,2992
1000,1000,119,2342
1000,1000,186,17
1000,1000,16,19
1000,1000,331,3162
1000,1000,72,2466
1000,1000,253,20
1000,1000,371,19
1000,1000,347,17
1000,1000,133,18
1000,1000,917,3748
1000,1000,744,1737
1000,1000,199,20
1000,1000,20,29
1000,1000,797,19
1000,1000,312,28
1000,1000,839,16
1000,1000,151,16
1000,1000,462,15
1000,1000,764,3438
1000,1000,785,18
1000,1000,362,17
1000,1000,191,3958
1000,1000,124,21
1000,1000,188,32
1000,1000,296,21
1000,1000,778,19
1000,1000,87,16
1000,1000,816,7308
1000,1000,27,18
1000,1000,113,2872
1000,1000,121,18
1000,1000,339,17
1000,1000,999,20
1000,1000,361,20
1000,1000,936,6894
1000,1000,543,4842
1000,1000,636,17
1000,1000,743,4895
1000,1000,811,23
1000,1000,565,17
1000,1000,74,7685
1000,1000,187,7786
1000,1000,477,17
1000,1000,542,19
1000,1000,565,20
1000,1000,296,3142
1000,1000,153,20
1000,1000,14,16
1000,1000,683,18
1000,1000,110,18
1000,1000,105,19
1000,1000,793,18
1000,1000,336,9007
1000,1000,109,17
1000,1000,966,18
1000,1000,285,6910
1000,1000,718,3616
1000,1000,334,9078
1000,1000,333,16
1000,1000,108,19
1000,1000,670,6952
1000,1000,501,6748
1000,1000,561,24
1000,1000,980,6788
1000,1000,367,16
1000,1000,126,17
1000,1000,780,14
1000,1000,88,16
1000,1000,84,15
1000,1000,812,14
1000,1000,865,19
1000,1000,244,15
1000,1000,759,14
1000,1000,273,7185
1000,1000,112,18
1000,1000,656,11123
1000,1000,118,16
1000,1000,275,16
1000,1000,210,16
1000,1000,759,17
1000,1000,178,18
1000,1000,850,14
1000,1000,850,16
1000,1000,794,14
1000,1000,974,11957
1000,1000,74,14
1000,1000,83,17
1000,1000,904,13
1000,1000,134,14
1000,1000,905,17
1000,1000,230,12445
1000,1000,950,15
1000,1000,270,17
1000,1000,456,15
1000,1000,286,15
1000,1000,69,16
1000,1000,724,15
1000,1000,502,14
1000,1000,172,16
1000,1000,416,13
1000,1000,602,13046
1000,1000,701,16
1000,1000,474,20898
1000,1000,601,13222
1000,1000,425,15
1000,1000,62,13209
1000,1000,27,14
1000,1000,67,21
1000,1000,751,18
1000,1000,152,12746
1000,1000,183,19
1000,1000,271,16
1000,1000,993,18
1000,1000,165,15
1000,1000,495,17
1000,1000,704,24
1000,1000,726,38
1000,1000,314,16
1000,1000,445,15
1000,1000,470,19
1000,1000,762,16948
1000,1000,130,16
1000,1000,458,25
1000,1000,832,13756
1000,1000,229,17
1000,1000,767,13920
1000,1000,24,16
1000,1000,23,17
1000,1000,171,17
1000,1000,331,20827
1000,1000,376,20869
1000,1000,14,14
1000,1000,372,16
1000,1000,447,23483
1000,1000,473,24
1000,1000,146,14531
1000,1000,347,15
1000,1000,354,16
1000,1000,390,16
1000,1000,432,15
1000,1000,529,15
1000,1000,851,15
1000,1000,55,21
1000,1000,583,15
1000,1000,111,14
1000,1000,237,15
1000,1000,452,15
1000,1000,865,15
1000,1000,307,17
1000,1000,114,19796
1000,1000,423,23007
1000,1000,451,17
1000,1000,138,16
1000,1000,917,16
1000,1000,638,20087
1000,1000,76,17
1000,1000,208,4062
1000,1000,682,16
1000,1000,479,14
1000,1000,20,4321
1000,1000,789,4440
1000,1000,29,16
1000,1000,328,15
1000,1000,10,4508
1000,1000,233,16
1000,1000,201,16
1000,1000,36,14
1000,1000,960,16
1000,1000,8,4885
1000,1000,269,17
1000,1000,397,17
1000,1000,8,13
1000,1000,706,14
1000,1000,646,5095
1000,1000,786,15
1000,1000,305,14
1000,1000,679,14
1000,1000,431,17732
1000,1000,419,15
1000,1000,548,573
1000,1000,293,18911
1000,1000,111,19
1000,1000,272,14
1000,1000,384,27302
1000,1000,320,12
1000,1000,213,13
1000,1000,353,17
1000,1000,54,15
1000,1000,38,14
1000,1000,376,17
1000,1000,303,16
1000,1000,104,13
1000,1000,680,15
1000,1000,983,22
1000,1000,652,26
1000,1000,738,13
1000,1000,865,27880
1000,1000,222,17
1000,1000,584,14
1000,1000,166,14
1000,1000,735,33519
1000,1000,42,15
1000,1000,917,15
1000,1000,87,7666
1000,1000,881,20
1000,1000,98,13
1000,1000,283,16
1000,1000,647,18315
1000,1000,726,29979
1000,1000,771,15
1000,1000,530,14
1000,1000,134,13
1000,1000,72,21
1000,1000,414,18550
1000,1000,29,14
1000,1000,226,23
1000,1000,321,8206
1000,1000,924,26222
1000,1000,905,177
1000,1000,228,14
1000,1000,953,14
1000,1000,424,19319
1000,1000,216,15
1000,1000,145,20
1000,1000,561,36169
1000,1000,315,8103
1000,1000,246,19
1000,1000,323,18
1000,1000,35,15
1000,1000,16,15
1000,1000,709,13
1000,1000,811,17
1000,1000,968,22328
1000,1000,720,34446
1000,1000,691,14
1000,1000,81,15
1000,1000,339,12
1000,1000,457,12
1000,1000,161,8816
1000,1000,503,17
1000,1000,161,30
1000,1000,441,13
1000,1000,336,12
1000,1000,56,13
1000,1000,388,12
1000,1000,291,13
1000,1000,475,12
1000,1000,623,12
1000,1000,501,30810
1000,1000,367,16
1000,1000,115,10
1000,1000,147,10
1000,1000,55,11
1000,1000,222,9374
1000,1000,681,40869
1000,1000,848,12
1000,1000,609,23316
1000,1000,33,15
1000,1000,615,41312
1000,1000,362,14
1000,1000,908,17
1000,1000,272,16
1000,1000,126,21
1000,1000,714,21
1000,1000,301,7566
1000,1000,138,14
1000,1000,564,23470
1000,1000,180,23
1000,1000,344,19
1000,1000,177,7674
1000,1000,1,29
1000,1000,240,13
1000,1000,299,23801
1000,1000,325,12
1000,1000,64,7795
1000,1000,966,37120
1000,1000,546,70
1000,1000,82,15
1000,1000,928,19
1000,1000,647,13
1000,1000,325,13
1000,1000,42,22
1000,1000,829,7788
1000,1000,173,19
1000,1000,349,12
1000,1000,951,24162
1000,1000,908,113
1000,1000,32,14
1000,1000,356,12
1000,1000,151,11
1000,1000,244,14
1000,1000,91,14
1000,1000,433,12
1000,1000,213,82
1000,1000,125,13
1000,1000,288,12
1000,1000,627,13
1000,1000,387,13
1000,1000,960,18
1000,1000,323,13
1000,1000,260,35
1000,1000,467,14
1000,1000,249,15
1000,1000,38,12
1000,1000,254,16
1000,1000,741,16
1000,1000,801,15
1000,1000,201,15
1000,1000,47,12
1000,1000,426,45729
1000,1000,461,15
1000,1000,98,12
1000,1000,636,13
1000,1000,53,14
1000,1000,307,12
1000,1000,488,11
1000,1000,368,12
1000,1000,190,11
1000,1000,288,11
1000,1000,9,15
1000,1000,428,17
1000,1000,608,12
1000,1000,617,29516
1000,1000,281,14
1000,1000,49,6292
1000,1000,811,12
1000,1000,227,11
1000,1000,862,28
1000,1000,921,12
1000,1000,270,10
1000,1000,643,15
1000,1000,524,25710
1000,1000,527,40255
1000,1000,449,18
1000,1000,160,25911
1000,1000,437,18
1000,1000,490,15
1000,1000,185,6992
1000,1000,412,15
1000,1000,440,15
1000,1000,703,41663
1000,1000,939,22
1000,1000,35,118
1000,1000,500,16
1000,1000,88,27015
1000,1000,586,16
1000,1000,570,7543
1000,1000,191,16
1000,1000,701,18
1000,1000,477,34316
1000,1000,336,14
1000,1000,628,12
1000,1000,653,11
1000,1000,119,21
1000,1000,463,11
1000,1000,217,50338
1000,1000,145,50379
1000,1000,418,16
1000,1000,771,13
1000,1000,395,11
1000,1000,479,12
1000,1000,12,12
1000,1000,294,15090
1000,1000,554,14
1000,1000,812,11
1000,1000,30,15023
1000,1000,160,12
1000,1000,18,23
1000,1000,245,12
1000,1000,631,12
1000,1000,22,12
1000,1000,626,13
1000,1000,118,11
1000,1000,66,15102
1000,1000,671,16
1000,1000,791,20
1000,1000,800,35576
1000,1000,282,35558
1000,1000,870,67185
1000,1000,651,11
1000,1000,372,11
1000,1000,430,11
1000,1000,783,16
1000,1000,57,11
1000,1000,326,16
1000,1000,376,12
1000,1000,311,12
1000,1000,538,15901
1000,1000,55,12
1000,1000,123,36613
1000,1000,432,11
1000,1000,543,11
1000,1000,619,53622
1000,1000,603,36928
1000,1000,845,14
1000,1000,150,17
1000,1000,176,59
1000,1000,616,109
1000,1000,91,21
1000,1000,478,16215
1000,1000,158,16239
1000,1000,693,20
1000,1000,91,10
1000,1000,328,37189
1000,1000,644,39426
1000,1000,273,13
1000,1000,91,15
1000,1000,222,10
1000,1000,708,9
1000,1000,734,10
1000,1000,456,18746
1000,1000,625,9
1000,1000,978,13
1000,1000,844,42
1000,1000,89,12
1000,1000,855,11
1000,1000,99,25
1000,1000,163,14
1000,1000,528,21
1000,1000,369,10
1000,1000,174,11
1000,1000,646,40360
1000,1000,62,9
1000,1000,381,39482
1000,1000,380,18136
1000,1000,84,18202
1000,1000,552,12
1000,1000,456,93
1000,1000,417,11
1000,1000,202,11
1000,1000,996,20
1000,1000,571,13
1000,1000,150,38761
1000,1000,477,66259
1000,1000,44,11
1000,1000,214,10
1000,1000,582,38871
1000,1000,613,10
1000,1000,537,11
1000,1000,209,10
1000,1000,745,68874
1000,1000,898,41516
1000,1000,73,18
1000,1000,21,11
1000,1000,871,11
1000,1000,118,13
1000,1000,337,41656
1000,1000,329,11
1000,1000,380,16
1000,1000,36,10
1000,1000,812,10
1000,1000,282,41973
1000,1000,249,13
1000,1000,728,58672
1000,1000,127,23
1000,1000,133,13
1000,1000,560,20
1000,1000,368,11
1000,1000,142,12
1000,1000,404,18
1000,1000,569,29
1000,1000,261,10
1000,1000,634,13848
1000,1000,143,79
1000,1000,275,49805
1000,1000,521,42143
1000,1000,154,13
1000,1000,639,11
1000,1000,752,10
1000,1000,682,42123
1000,1000,218,12
1000,1000,64,9
1000,1000,311,11
1000,1000,387,17
1000,1000,157,14
1000,1000,192,13998
1000,1000,163,14
1000,1000,412,9
1000,1000,548,9
1000,1000,340,8
1000,1000,110,8
1000,1000,284,50359
1000,1000,358,13
1000,1000,863,12
1000,1000,406,9
1000,1000,42,42862
1000,1000,151,15
1000,1000,280,19
1000,1000,33,13345
1000,1000,417,16
1000,1000,228,13
1000,1000,514,12
1000,1000,830,77234
1000,1000,224,22
1000,1000,491,13
1000,1000,538,23
1000,1000,492,41575
1000,1000,219,14
1000,1000,363,72657
1000,1000,179,10
1000,1000,16,11
1000,1000,259,20
1000,1000,246,9
1000,1000,455,8
1000,1000,65,8
1000,1000,468,11029
1000,1000,290,41956
1000,1000,824,68481
1000,1000,53,11
1000,1000,76,42018
1000,1000,381,11
1000,1000,251,9
1000,1000,344,41987
1000,1000,105,15
1000,1000,443,11
1000,1000,581,10
1000,1000,606,74110
1000,1000,456,11
1000,1000,297,11
1000,1000,53,10
1000,1000,623,10
1000,1000,515,11
1000,1000,614,10
1000,1000,498,62872
1000,1000,833,62917
1000,1000,536,40494
1000,1000,647,40495
1000,1000,787,40443
1000,1000,613,11423
1000,1000,991,40394
1000,1000,811,40414
1000,1000,229,63415
1000,1000,364,49861
1000,1000,470,63497
1000,1000,277,50015
1000,1000,944,40833
1000,1000,136,40824
1000,1000,587,8843
1000,1000,609,64174
1000,1000,510,41052
1000,1000,475,41149
1000,1000,960,80036
1000,1000,952,41315
1000,1000,911,82734
1000,1000,262,41601
1000,1000,432,64946
1000,1000,542,8904
1000,1000,729,50071
1000,1000,982,42000
1000,1000,713,42054
1000,1000,752,78530
1000,1000,799,42328
1000,1000,365,42328
1000,1000,882,78908
1000,1000,846,8991
1000,1000,94,9042
1000,1000,93,50280
1000,1000,757,66057
1000,1000,653,42891
1000,1000,932,66226
1000,1000,115,43084
1000,1000,486,9070
1000,1000,468,50650
1000,1000,791,43232
1000,1000,357,66710
1000,1000,223,51058
1000,1000,138,9049
1000,1000,596,43519
1000,1000,863,80278
1000,1000,789,51288
1000,1000,318,9235
1000,1000,302,9237
1000,1000,74,9308
1000,1000,229,43979
1000,1000,545,44142
1000,1000,232,9494
1000,1000,632,44251
1000,1000,767,44395
1000,1000,888,52263
1000,1000,791,44616
1000,1000,124,9764
1000,1000,477,44714
1000,1000,426,68686
1000,1000,894,52739
1000,1000,910,68909
1000,1000,290,45045
1000,1000,517,45076
1000,1000,473,53019
1000,1000,191,53109
1000,1000,850,53112
1000,1000,579,81897
1000,1000,605,45472
1000,1000,528,45474
1000,1000,227,9390
1000,1000,663,69392
1000,1000,384,69419
1000,1000,838,53369
1000,1000,428,45501
1000,1000,714,45265
1000,1000,183,83028
1000,1000,472,69726
1000,1000,929,50993
1000,1000,784,69699
1000,1000,434,83241
1000,1000,423,51177
1000,1000,404,69937
1000,1000,769,45215
1000,1000,910,45229
1000,1000,588,45276
1000,1000,827,45262
1000,1000,630,70523
1000,1000,826,45292
1000,1000,215,45231
1000,1000,675,44690
1000,1000,800,70453
1000,1000,637,44869
1000,1000,82,44973
1000,1000,122,70743
1000,1000,841,70843
1000,1000,596,45272
1000,1000,730,70979
1000,1000,880,85287
1000,1000,561,71128
1000,1000,259,45354
1000,1000,571,45515
1000,1000,931,71196
1000,1000,307,45541
1000,1000,305,47790
1000,1000,657,91758
1000,1000,745,47855
1000,1000,667,48012
1000,1000,517,54709
1000,1000,588,74263
1000,1000,173,48115
1000,1000,408,48084
1000,1000,365,78655
1000,1000,597,48120
1000,1000,749,93450
1000,1000,784,75045
1000,1000,122,48058
1000,1000,713,48156
1000,1000,513,48150
1000,1000,894,75379
1000,1000,967,98128
1000,1000,847,75678
1000,1000,76,56283
1000,1000,496,75819
1000,1000,746,91599
1000,1000,272,56784
1000,1000,160,76327
1000,1000,235,57063
1000,1000,802,42075
1000,1000,758,42088
1000,1000,382,42163
1000,1000,333,42346
1000,1000,533,42288
1000,1000,627,81368
1000,1000,782,57735
1000,1000,142,42724
1000,1000,819,108843
1000,1000,893,82024
1000,1000,655,42938
1000,1000,670,94638
1000,1000,945,43161
1000,1000,400,43132
1000,1000,768,43151
1000,1000,116,42970
1000,1000,862,42910
1000,1000,712,42991
1000,1000,465,79010
1000,1000,849,43161
1000,1000,329,79008
1000,1000,698,43207
1000,1000,561,43258
1000,1000,539,43403
1000,1000,944,96127
1000,1000,749,96098
1000,1000,354,43130
1000,1000,352,43151
1000,1000,480,43121
1000,1000,689,43136
1000,1000,423,82584
1000,1000,837,120944
1000,1000,925,157859
1000,1000,695,157763
1000,1000,731,136777
1000,1000,462,120644
1000,1000,458,158185
1000,1000,619,121582
1000,1000,890,159343
1000,1000,220,122056
1000,1000,664,159745
1000,1000,337,122464
1000,1000,652,186650
1000,1000,545,122536
1000,1000,858,120099
1000,1000,656,184853
1000,1000,590,120830
1000,1000,491,178534
1000,1000,849,121347
1000,1000,747,122168
1000,1000,550,187014
1000,1000,528,122550
1000,1000,189,162865
1000,1000,636,122593
1000,1000,939,180751
1000,1000,208,122845
1000,1000,172,122892
1000,1000,485,163368
1000,1000,771,123045
1000,1000,888,123192
1000,1000,494,123316
1000,1000,731,123339
1000,1000,247,123434
1000,1000,359,123293
1000,1000,881,181724
1000,1000,537,141820
1000,1000,401,123454
1000,1000,547,181975
1000,1000,291,123640
1000,1000,359,123759
1000,1000,760,164943
10000,10,163,246
10000,10,2967,267
10000,10,9231,11
10000,10,9368,252
10000,10,151,2614
1000,1000,142,127826
10000,10,888,2738
10000,10,1208,749
1000,1000,206,151910
1000,1000,981,182974
1000,1000,213,143705
1000,1000,428,145183
1000,1000,771,203969
1000,1000,685,149224
1000,1000,176,160449
1000,1000,831,151991
1000,1000,766,162538
1000,1000,958,162671
1000,1000,643,163395
1000,1000,949,205167
1000,1000,331,177110
1000,1000,221,163812
1000,1000,354,164269
1000,1000,699,206224
1000,1000,986,178209
1000,1000,744,223755
1000,1000,785,165880
1000,1000,377,179625
1000,1000,884,166260
1000,1000,813,169270
1000,1000,341,172229
1000,1000,539,176289
1000,1000,632,235511
1000,1000,334,176942
1000,1000,478,177171
1000,1000,131,177005
1000,1000,871,177189
1000,1000,236,227051
1000,1000,665,237078
1000,1000,459,177844
1000,1000,431,177944
1000,1000,302,178045
1000,1000,998,220166
1000,1000,130,179511
1000,1000,546,239372
1000,1000,658,239669
1000,1000,508,180133
1000,1000,879,222594
1000,1000,505,180471
1000,1000,867,180413
1000,1000,465,180629
1000,1000,613,194418
1000,1000,568,241075
1000,1000,322,181037
1000,1000,978,181100
1000,1000,86,181184
1000,1000,59,181284
1000,1000,486,181422
1000,1000,263,181467
1000,1000,784,224538
1000,1000,912,181876
1000,1000,588,249722
1000,1000,761,254823
1000,1000,795,224734
1000,1000,573,196058
1000,1000,306,182654
1000,1000,820,196285
1000,1000,630,183101
1000,1000,433,183200
1000,1000,970,183284
1000,1000,895,183314
1000,1000,836,228654
1000,1000,487,186327
1000,1000,409,186475
1000,1000,753,188063
1000,1000,766,188040
1000,1000,783,188178
1000,1000,609,188364
1000,1000,514,188515
1000,1000,304,188588
1000,1000,446,230662
1000,1000,818,199946
1000,1000,418,189021
1000,1000,917,228616
1000,1000,576,258289
1000,1000,516,189158
1000,1000,972,189236
1000,1000,426,189488
1000,1000,949,229493
1000,1000,471,229541
1000,1000,863,189805
1000,1000,992,189768
1000,1000,788,189852
1000,1000,849,230109
1000,1000,308,230248
1000,1000,548,229791
1000,1000,418,200779
1000,1000,781,229997
10000,100,8867,40
10000,100,3529,11
10000,100,10,41
10000,100,6185,6
10000,100,1839,23
10000,100,814,6
10000,100,6059,26
10000,100,5737,7
10000,100,3143,6
10000,100,4845,37
10000,100,2615,13
10000,100,2936,7282
10000,100,8451,7600
10000,100,3031,14
10000,100,6755,9
10000,100,7344,9
10000,100,1210,10
10000,100,5292,816
10000,100,3539,19
10000,100,8802,6032
10000,100,3286,1001
10000,100,8074,10
10000,100,513,1068
10000,100,5522,9
10000,100,3737,1472
10000,100,1946,8655
10000,100,7861,1173
10000,100,3443,13
10000,100,1493,9
10000,100,2704,7
10000,100,1362,1171
10000,100,6315,6067
10000,100,37,946
10000,100,754,9
10000,100,241,997
10000,100,3790,7
10000,100,431,6
10000,100,62,6
10000,100,4196,16
10000,100,2676,9
10000,100,941,1052
10000,100,5503,2701
10000,100,913,14
10000,100,928,986
10000,100,9157,7895
10000,100,2559,941
10000,100,7327,1562
10000,100,2364,54
10000,100,4087,8
10000,100,6256,2790
10000,100,1474,6
10000,100,6206,6
10000,100,7524,6
10000,100,6803,1669
10000,100,4136,880
10000,100,9069,3086
10000,100,754,2940
10000,100,5634,861
10000,100,1946,837
10000,100,1792,1942
10000,100,4336,10756
10000,100,9546,924
10000,100,5086,911
10000,100,1415,913
10000,100,6092,1746
10000,100,8046,3573
10000,100,3265,2872
10000,100,507,883
10000,100,6725,3444
10000,100,8774,1702
10000,100,6433,1854
10000,100,3852,2962
10000,100,6470,4705
10000,100,6899,3940
10000,100,3975,2063
10000,100,9068,3680
10000,100,9853,2024
10000,100,8248,3067
10000,100,1350,2132
10000,100,8404,2119
10000,100,1001,2052
10000,100,9620,3879
10000,100,7498,3901
10000,100,8912,3017
10000,100,6584,4002
10000,100,8688,3959
10000,100,6362,3850
10000,100,8225,3488
10000,100,5781,3302
10000,100,9909,6265
10000,100,8900,4687
10000,100,9223,4325
10000,100,8868,4097
10000,100,8953,11001
10000,1000,4648,105
10000,1000,6451,60
10000,1000,2815,7
10000,1000,1085,8
10000,1000,9361,8
10000,1000,5630,13
10000,1000,9432,9
10000,1000,9045,2144
10000,1000,5908,2989
10000,1000,288,20
10000,1000,5087,12
10000,1000,1851,207
10000,1000,3453,7
10000,1000,8923,7
10000,1000,2591,2824
10000,1000,2953,2865
10000,1000,280,22
10000,1000,477,14
10000,1000,1463,7
10000,1000,9623,1145
10000,1000,3241,40
10000,1000,9587,5
10000,1000,1025,699
10000,1000,1633,8
10000,1000,4125,3705
10000,1000,2305,3823
10000,1000,4507,5748
10000,1000,1837,12
10000,1000,2303,7
10000,1000,3063,7
10000,1000,1820,24
10000,1000,3806,9
10000,1000,1916,7
10000,1000,7603,29
10000,1000,4797,14
10000,1000,3071,7
10000,1000,5205,8
10000,1000,1607,1489
10000,1000,9293,8
10000,1000,3117,7
10000,1000,2121,7
10000,1000,5535,13
10000,1000,1002,10
10000,1000,4598,7
10000,1000,821,7
10000,1000,4074,6117
10000,1000,4842,872
10000,1000,550,12
10000,1000,2450,13
10000,1000,532,12
10000,1000,4433,11
10000,1000,2427,885
10000,1000,3524,12
10000,1000,6954,6253
10000,1000,9212,872
10000,1000,997,13
10000,1000,5743,6254
10000,1000,5063,8
10000,1000,1297,12
10000,1000,4787,14
10000,1000,1993,7
10000,1000,2005,8
10000,1000,153,7
10000,1000,823,7
10000,1000,461,7
10000,1000,536,7897
10000,1000,3808,6157
10000,1000,2505,15
10000,1000,4907,9
10000,1000,4810,10
10000,1000,3731,1145
10000,1000,3519,9
10000,1000,1993,7
10000,1000,2161,9
10000,1000,1665,7
10000,1000,2342,7
10000,1000,6242,7
10000,1000,326,7
10000,1000,182,7
10000,1000,5981,7
10000,1000,8219,16
10000,1000,5799,1580
10000,1000,2344,7618
10000,1000,9979,2731
10000,1000,195,8
10000,1000,3691,6
10000,1000,5041,4
10000,1000,315,1515
10000,1000,5905,6
10000,1000,3597,4
10000,1000,766,4
10000,1000,5222,4
10000,1000,6640,8611
10000,1000,331,9
10000,1000,4063,6
10000,1000,2856,7
10000,1000,7472,1530
10000,1000,7119,6
10000,1000,2316,1785
10000,1000,1190,1817
10000,1000,3895,1837
10000,1000,1873,7
10000,1000,8824,6
10000,1000,346,7
10000,1000,3369,14
10000,1000,9824,7
10000,1000,4919,14549
10000,1000,6330,5532
10000,1000,2292,14
10000,1000,114,9
10000,1000,451,6
10000,1000,1189,6
10000,1000,3587,7
10000,1000,1127,9
10000,1000,1090,7
10000,1000,2776,7
10000,1000,3410,6
10000,1000,4816,9
10000,1000,387,12
10000,1000,658,3901
10000,1000,5086,6
10000,1000,7745,5
10000,1000,2148,6
10000,1000,827,6
10000,1000,5305,5
10000,1000,5469,6
10000,1000,5715,5870
10000,1000,4102,15555
10000,1000,6563,17
10000,1000,1258,4022
10000,1000,8824,12470
10000,1000,6189,19
10000,1000,4832,11792
10000,1000,1842,22
10000,1000,1774,10
10000,1000,5734,5
10000,1000,3091,18
10000,1000,1847,6180
10000,1000,2413,6
10000,1000,1682,6
10000,1000,8637,6
10000,1000,1001,9
10000,1000,2340,4103
10000,1000,1092,7
10000,1000,1676,6
10000,1000,1695,6
10000,1000,5092,6
10000,1000,362,5
10000,1000,3261,6474
10000,1000,6143,6459
10000,1000,193,11
10000,1000,2454,12
10000,1000,3882,6
10000,1000,3236,9
10000,1000,1355,9
10000,1000,1950,6
10000,1000,2023,5
10000,1000,2187,5
10000,1000,4835,6
10000,1000,1215,5
10000,1000,1250,7737
10000,1000,5901,6
10000,1000,5529,5
10000,1000,4370,5
10000,1000,9119,7
10000,1000,5890,6594
10000,1000,868,7
10000,1000,9111,6
10000,1000,975,5
10000,1000,1619,6
10000,1000,4882,8193
10000,1000,1089,4
10000,1000,2928,10389
10000,1000,3332,7
10000,1000,502,2462
10000,1000,1054,6
10000,1000,1735,2454
10000,1000,5981,6797
10000,1000,7601,10
10000,1000,2415,2463
10000,1000,5188,9847
10000,1000,1398,6
10000,1000,48,5
10000,1000,4635,5
10000,1000,453,5
10000,1000,938,5
10000,1000,4678,5
10000,1000,4410,2606
10000,1000,7646,11
10000,1000,5774,6
10000,1000,6546,37
10000,1000,2023,6
10000,1000,6814,5
10000,1000,1526,2765
10000,1000,667,6
10000,1000,5540,8
10000,1000,5634,7507
10000,1000,1706,11
10000,1000,888,5
10000,1000,7736,18
10000,1000,260,6
10000,1000,2336,5
10000,1000,217,5
10000,1000,5455,5
10000,1000,9219,5
10000,1000,7136,2749
10000,1000,6391,9
10000,1000,498,5
10000,1000,8198,6
10000,1000,3674,13
10000,1000,6777,7
10000,1000,1888,5
10000,1000,4685,5
10000,1000,1176,4
10000,1000,5725,5
10000,1000,341,5
10000,1000,7902,5
10000,1000,8732,8116
10000,1000,5703,14
10000,1000,9455,11230
10000,1000,1056,4
10000,1000,7419,2942
10000,1000,5397,19908
10000,1000,1558,7
10000,1000,1045,9
10000,1000,5475,6
10000,1000,1126,6
10000,1000,2088,5
10000,1000,4621,5
10000,1000,9441,5
10000,1000,2218,5
10000,1000,3141,5
10000,1000,1347,13
10000,1000,7781,7
10000,1000,2635,15
10000,1000,558,9
10000,1000,405,6
10000,1000,6053,5
10000,1000,5899,8036
10000,1000,4110,7847
10000,1000,8067,19
10000,1000,3447,24
10000,1000,1294,6
10000,1000,1012,5
10000,1000,3003,5
10000,1000,1323,3254
10000,1000,2118,21
10000,1000,696,6
10000,1000,2678,3301
10000,1000,90,12
10000,1000,3674,7
10000,1000,7431,5
10000,1000,1381,5
10000,1000,2542,7003
10000,1000,8306,34
10000,1000,3395,3387
10000,1000,7479,6
10000,1000,150,9
10000,1000,8760,6992
10000,1000,9240,7061
10000,1000,7914,6
10000,1000,7919,5
10000,1000,3354,4
10000,1000,7172,5
10000,1000,7838,3337
10000,1000,4325,6
10000,1000,401,7
10000,1000,4335,11317
10000,1000,6908,10
10000,1000,6988,7
10000,1000,227,5
10000,1000,4977,5
10000,1000,3537,5
10000,1000,2672,3453
10000,1000,3269,6
10000,1000,4905,7620
10000,1000,533,5
10000,1000,2008,7
10000,1000,700,3548
10000,1000,3897,11
10000,1000,3308,8
10000,1000,7430,5
10000,1000,4824,11728
10000,1000,1465,14
10000,1000,460,18
10000,1000,3062,5
10000,1000,8966,13733
10000,1000,7837,6
10000,1000,7143,3679
10000,1000,3084,7
10000,1000,8289,6
10000,1000,3927,3
10000,1000,1345,4
10000,1000,2671,7928
10000,1000,8849,6
10000,1000,2495,5
10000,1000,2208,3605
10000,1000,2166,3617
10000,1000,552,13
10000,1000,9878,13
10000,1000,5180,7738
10000,1000,503,5
10000,1000,5187,7770
10000,1000,2076,3649
10000,1000,1434,11425
10000,1000,4410,6
10000,1000,4936,5
10000,1000,9310,4
10000,1000,2521,5
10000,1000,8637,4
10000,1000,1101,3
10000,1000,1085,4
10000,1000,6512,3777
10000,1000,2075,13
10000,1000,5480,17942
10000,1000,4742,3813
10000,1000,3067,6
10000,1000,2,5
10000,1000,1724,13
10000,1000,8374,3836
10000,1000,8598,14651
10000,1000,1512,3823
10000,1000,5463,13
10000,1000,6933,10771
10000,1000,3482,9
10000,1000,1009,17
10000,1000,5509,10
10000,1000,137,6
10000,1000,2726,5
10000,1000,4623,16349
10000,1000,7676,3966
10000,1000,4910,8568
10000,1000,1258,6
10000,1000,807,3884
10000,1000,3189,8363
10000,1000,781,6
10000,1000,2547,5
10000,1000,6290,9
10000,1000,3451,7
10000,1000,2478,4
10000,1000,2699,3
10000,1000,5468,3828
10000,1000,8256,15302
10000,1000,1804,3915
10000,1000,5113,10
10000,1000,6867,5
10000,1000,1084,5
10000,1000,5297,11462
10000,1000,489,6
10000,1000,6771,17718
10000,1000,5510,8
10000,1000,454,4392
10000,1000,2791,7
10000,1000,7239,6
10000,1000,9551,5
10000,1000,1544,6
10000,1000,1666,5
10000,1000,4816,9041
10000,1000,1190,4450
10000,1000,5594,12
10000,1000,4309,5
10000,1000,5455,8
10000,1000,7156,12013
10000,1000,5233,17
10000,1000,85,19
10000,1000,7546,5
10000,1000,2186,8
10000,1000,1024,6
10000,1000,2953,4528
10000,1000,223,5
10000,1000,4794,5
10000,1000,8567,25862
10000,1000,3655,10089
10000,1000,1327,5
10000,1000,253,5
10000,1000,8513,5494
10000,1000,5159,5531
10000,1000,5864,5543
10000,1000,3625,10224
10000,1000,5511,10195
10000,1000,4560,13124
10000,1000,478,8
10000,1000,1451,5606
10000,1000,6872,11
10000,1000,8563,17
10000,1000,959,5
10000,1000,300,5734
10000,1000,8223,9
10000,1000,1793,10304
10000,1000,4216,13
10000,1000,7629,6
10000,1000,6381,5
10000,1000,24,4
10000,1000,7888,10522
10000,1000,5398,5
10000,1000,2065,5738
10000,1000,902,5
10000,1000,6927,13
10000,1000,9763,18811
10000,1000,3326,6
10000,1000,3204,9
10000,1000,1416,5819
10000,1000,7758,17
10000,1000,4902,5
10000,1000,3862,4
10000,1000,3699,5
10000,1000,2711,7
10000,1000,4991,5
10000,1000,5841,5
10000,1000,17,10
10000,1000,3865,5
10000,1000,7834,19412
10000,1000,4308,5
10000,1000,2328,5
10000,1000,8261,6
10000,1000,3455,11228
10000,1000,1527,7
10000,1000,1066,5
10000,1000,4891,6
10000,1000,2395,5
10000,1000,4653,8
10000,1000,8995,5
10000,1000,4573,10
10000,1000,6190,6169
10000,1000,5959,5
10000,1000,3516,5
10000,1000,3954,11357
10000,1000,662,6
10000,1000,1602,6
10000,1000,9586,5
10000,1000,2917,5
10000,1000,4219,14
10000,1000,5348,5
10000,1000,921,5
10000,1000,3482,5
10000,1000,2449,6308
10000,1000,1508,5
10000,1000,629,14930
10000,1000,7967,12
10000,1000,4362,5884
10000,1000,5074,5850
10000,1000,2827,5
10000,1000,1191,5
10000,1000,788,5
10000,1000,662,5932
10000,1000,1746,5
10000,1000,9189,5
10000,1000,1875,5
10000,1000,268,6024
10000,1000,1707,7
10000,1000,559,5
10000,1000,741,6055
10000,1000,994,5
10000,1000,3350,5
10000,1000,2952,5
10000,1000,113,6090
10000,1000,4854,13
10000,1000,2967,6072
10000,1000,3235,4
10000,1000,2161,6113
10000,1000,2939,6134
10000,1000,7827,8
10000,1000,1525,7
10000,1000,7110,12
10000,1000,6202,25021
10000,1000,1024,4
10000,1000,6835,6231
10000,1000,1246,6
10000,1000,2636,5
10000,1000,1325,5
10000,1000,9996,15952
10000,1000,7172,4
10000,1000,3831,19718
10000,1000,462,5260
10000,1000,2167,4
10000,1000,376,4
10000,1000,3302,15
10000,1000,3703,19789
10000,1000,1650,5
10000,1000,7039,48
10000,1000,1435,5331
10000,1000,8447,4
10000,1000,581,5240
10000,1000,5735,4
10000,1000,9625,16322
10000,1000,1742,4
10000,1000,643,3
10000,1000,2541,7
10000,1000,4917,20256
10000,1000,3003,5
10000,1000,4980,13154
10000,1000,7619,4
10000,1000,1383,3
10000,1000,6035,16529
10000,1000,4913,20439
10000,1000,794,6
10000,1000,1420,5
10000,1000,1622,4
10000,1000,2650,3
10000,1000,6476,13346
10000,1000,2347,3
10000,1000,7613,13405
10000,1000,7914,13406
10000,1000,2071,5184
10000,1000,1533,4
10000,1000,6395,5186
10000,1000,6702,4
10000,1000,2261,3
10000,1000,7359,16952
10000,1000,6721,12
10000,1000,8110,13580
10000,1000,1237,6
10000,1000,426,5
10000,1000,1249,11
10000,1000,8092,14
10000,1000,4581,5
10000,1000,9342,7
10000,1000,1598,5
10000,1000,4129,4
10000,1000,1896,3
10000,1000,2828,3
10000,1000,637,5213
10000,1000,2545,4
10000,1000,7857,3
10000,1000,3247,17449
10000,1000,9649,21525
10000,1000,4187,13964
10000,1000,6059,11
10000,1000,40,4
10000,1000,3158,4
10000,1000,356,3
10000,1000,8895,3
10000,1000,861,3
10000,1000,4926,4
10000,1000,572,5157
10000,1000,1220,5171
10000,1000,5730,21905
10000,1000,1189,4
10000,1000,3155,3
10000,1000,2309,3
10000,1000,2231,3
10000,1000,8642,14193
10000,1000,715,6
10000,1000,8214,26238
10000,1000,2187,5266
10000,1000,3508,10
10000,1000,872,5
10000,1000,750,5
10000,1000,2923,9
10000,1000,9853,4
10000,1000,205,4
10000,1000,2752,4
10000,1000,1524,5553
10000,1000,9426,4
10000,1000,1628,4
10000,1000,6456,4
10000,1000,1112,5
10000,1000,5738,14973
10000,1000,2264,5630
10000,1000,7813,4
10000,1000,2203,3
10000,1000,1088,11
10000,1000,2841,5799
10000,1000,6913,5
10000,1000,755,4
10000,1000,6066,3
10000,1000,8,10
10000,1000,6818,19109
10000,1000,285,4
10000,1000,9690,23474
10000,1000,6857,5972
10000,1000,2148,5994
10000,1000,8927,6176
10000,1000,6669,15942
10000,1000,3327,23661
10000,1000,5488,15848
10000,1000,3799,15872
10000,1000,2810,15826
10000,1000,3361,5994
10000,1000,7258,23826
10000,1000,5189,19661
10000,1000,8365,30233
10000,1000,5405,19783
10000,1000,5974,15960
10000,1000,4083,30368
10000,1000,7155,5983
10000,1000,6360,6067
10000,1000,7027,16101
10000,1000,5860,16143
10000,1000,6470,26778
10000,1000,1812,6043
10000,1000,8949,19985
10000,1000,4609,6107
10000,1000,4976,6098
10000,1000,8310,6123
10000,1000,3301,16343
10000,1000,683,6169
10000,1000,6034,6158
10000,1000,7515,16483
10000,1000,2352,16499
10000,1000,1337,6153
10000,1000,5864,24903
10000,1000,1627,20493
10000,1000,1672,6172
10000,1000,7797,6190
10000,1000,6657,16599
10000,1000,700,6197
10000,1000,5507,20709
10000,1000,2502,16793
10000,1000,4543,6307
10000,1000,8984,20844
10000,1000,9479,42465
10000,1000,2742,6390
10000,1000,8150,32156
10000,1000,7183,17095
10000,1000,1764,6429
10000,1000,6468,25540
10000,1000,4983,21154
10000,1000,3193,6393
10000,1000,8768,17323
10000,1000,882,6420
10000,1000,7076,6424
10000,1000,1631,6406
10000,1000,2416,6424
10000,1000,4128,6459
10000,1000,3282,17463
10000,1000,1201,6545
10000,1000,8103,17608
10000,1000,3054,26129
10000,1000,506,17689
10000,1000,6295,6489
10000,1000,6609,17681
10000,1000,4230,6433
10000,1000,7586,17775
10000,1000,3768,17781
10000,1000,7391,21702
10000,1000,706,6335
10000,1000,7254,26417
10000,1000,5837,17867
10000,1000,3583,26209
10000,1000,5255,6400
10000,1000,2077,21956
10000,1000,9736,6433
10000,1000,2794,17685
10000,1000,9215,6425
10000,1000,8485,17589
10000,1000,3967,29381
10000,1000,7683,17558
10000,1000,5438,6608
10000,1000,8311,6636
10000,1000,9125,22736
10000,1000,8051,22858
10000,1000,6432,6899
10000,1000,6123,18400
10000,1000,7813,6849
10000,1000,9496,27668
10000,1000,9773,27704
10000,1000,9958,18856
10000,1000,7704,18903
10000,1000,6340,18490
10000,1000,1149,23450
10000,1000,8154,28047
10000,1000,6972,35858
10000,1000,6518,17955
10000,1000,3942,17996
10000,1000,1880,17923
10000,1000,9987,38940
10000,1000,5942,18028
10000,1000,2196,23609
10000,1000,4041,28436
10000,1000,8978,18068
10000,1000,2209,18112
10000,1000,3922,23730
10000,1000,6559,18155
10000,1000,7915,36431
10000,1000,4637,18200
10000,1000,3110,28464
10000,1000,6917,23868
10000,1000,9453,18139
10000,1000,3173,18213
10000,1000,9411,28439
10000,1000,3884,18213
10000,1000,8494,28515
10000,1000,3608,18298
10000,1000,6963,24002
10000,1000,7232,18333
10000,1000,9243,36739
10000,1000,1154,18291
10000,1000,8288,24029
10000,1000,1989,18301
10000,1000,1446,24082
10000,1000,8461,24093
10000,1000,4403,28866
10000,1000,5663,31908
10000,1000,6926,18519
10000,1000,7142,32043
10000,1000,6551,24218
10000,1000,9243,18479
10000,1000,5459,18563
10000,1000,5921,18556
10000,1000,8472,18498
10000,1000,7170,18525
10000,1000,6703,29487
10000,1000,6995,18435
10000,1000,4931,18463
10000,1000,5014,24509
10000,1000,6272,24589
10000,1000,7967,32747
10000,1000,2549,18431
10000,1000,7823,18492
10000,1000,1251,18460
10000,1000,8023,24638
10000,1000,6781,29756
10000,1000,6076,24668
10000,1000,4205,24721
10000,1000,4725,18523
10000,1000,8905,29833
10000,1000,8550,24716
10000,1000,5100,24735
10000,1000,2415,29811
10000,1000,6587,18539
10000,1000,9471,33028
10000,1000,2713,18473
10000,1000,5494,18429
10000,1000,3350,29980
10000,1000,6284,18514
10000,1000,5199,18441
10000,1000,8670,33432
10000,1000,7361,36930
10000,1000,3017,18529
10000,1000,8271,24480
10000,1000,9036,24516
10000,1000,3926,18636
10000,1000,7514,33803
10000,1000,4347,37426
10000,1000,4061,18635
10000,1000,8517,18633
10000,1000,6056,18647
10000,1000,6226,30844
10000,1000,3550,18774
10000,1000,7814,30943
10000,1000,5080,24964
10000,1000,1326,18981
10000,1000,5292,31086
10000,1000,874,18877
10000,1000,2107,18955
10000,1000,8532,19102
10000,1000,4753,42157
10000,1000,8771,19139
10000,1000,7542,25387
10000,1000,5986,34949
10000,1000,7337,19258
10000,1000,9542,19272
10000,1000,8025,19266
10000,1000,4208,19245
10000,1000,8531,25594
10000,1000,9005,31816
10000,1000,6450,19305
10000,1000,7080,25620
10000,1000,8566,19318
10000,1000,888,25637
10000,1000,3323,31990
10000,1000,3328,19402
10000,1000,788,19421
10000,1000,4941,19447
10000,1000,8302,32064
10000,1000,1532,19495
10000,1000,2502,35474
10000,1000,4614,19469
10000,1000,6780,24816
10000,1000,7383,35658
10000,1000,6049,19541
10000,1000,1966,35754
10000,1000,2705,19565
10000,1000,2475,43479
10000,1000,888,19573
10000,1000,5764,24851
10000,1000,7701,19532
10000,1000,9320,39777
10000,1000,8227,19388
10000,1000,8122,19415
10000,1000,9088,19388
10000,1000,5735,19338
10000,1000,8915,19328
10000,1000,5253,19310
10000,1000,5555,32704
10000,1000,4404,46007
10000,1000,6423,19402
10000,1000,6276,19415
10000,1000,9469,19385
10000,1000,3722,24656
10000,1000,2203,46244
10000,1000,7212,19325
10000,1000,4015,19315
10000,1000,2074,19336
10000,1000,5706,52706
10000,1000,624,19313
10000,1000,9236,19345
10000,1000,1772,33192
10000,1000,7240,44753
10000,1000,1293,24625
10000,1000,7359,33316
10000,1000,4826,33257
10000,1000,2091,19511
10000,1000,3437,24755
10000,1000,8818,19504
10000,1000,5803,33425
10000,1000,2102,24759
10000,1000,8873,46942
10000,1000,5143,19499
10000,1000,5930,19430
10000,1000,8265,41115
10000,1000,4644,19494
10000,1000,8144,33531
10000,1000,6245,33514
10000,1000,8224,33459
10000,1000,2961,19590
10000,1000,5275,19606
10000,1000,3427,37310
10000,1000,5570,33694
10000,1000,3919,24959
10000,1000,9536,24978
10000,1000,8879,19788
10000,1000,1351,19797
10000,1000,6885,33783
10000,1000,8167,19677
10000,1000,3691,19728
10000,1000,6511,47759
10000,1000,4102,33919
10000,1000,8322,19558
10000,1000,7853,19304
10000,1000,3404,19326
10000,1000,9251,37869
10000,1000,4586,19287
10000,1000,8686,19228
10000,1000,3295,19162
10000,1000,4873,48369
10000,1000,3813,25026
10000,1000,8153,34465
10000,1000,8604,19200
10000,1000,8515,42241
10000,1000,8199,34571
10000,1000,5321,24879
10000,1000,3966,34517
10000,1000,2331,34520
10000,1000,9869,34570
10000,1000,8833,24099
10000,1000,6213,34194
10000,1000,3784,23902
10000,1000,7371,42256
10000,1000,5038,23980
10000,1000,7543,34089
10000,1000,5417,52138
10000,1000,6790,42273
10000,1000,1701,33603
10000,1000,6709,23076
10000,1000,4817,23114
10000,1000,9322,33609
10000,1000,8752,33537
10000,1000,8286,50331
10000,1000,9123,21889
10000,1000,1584,21881
10000,1000,1779,48802
10000,1000,8719,21630
10000,1000,9333,50483
10000,1000,4605,21234
10000,1000,9369,32398
10000,1000,8358,60129
10000,1000,8806,36925
10000,1000,6396,49124
10000,1000,7504,51963
10000,1000,8902,41752
10000,1000,8576,49209
10000,1000,2671,41418
10000,1000,7574,49226
10000,1000,9195,36744
10000,1000,3812,30836
10000,1000,6708,43942
10000,1000,9757,49109
10000,1000,6299,30468
10000,1000,7693,49156
10000,1000,9372,44048
10000,1000,3455,41155
10000,1000,7705,49266
10000,1000,7271,44045
10000,1000,3536,29585
10000,1000,4958,52845
10000,1000,5943,29452
10000,1000,8307,29352
10000,1000,8732,48845
10000,1000,9946,35555
10000,1000,9621,29266
10000,1000,6910,35063
10000,1000,8187,29835
10000,1000,6362,35769
10000,1000,3567,44984
10000,1000,6173,45076
10000,1000,7299,29608
10000,1000,9118,45064
10000,1000,9347,30052
10000,1000,7238,30114
10000,1000,7645,35790
100000,10,60412,20
100000,10,61114,12
100000,10,19603,47
100000,10,12523,6
100000,10,18095,140
100000,10,29941,131
100000,10,33143,175
100000,100,33839,26
100000,100,54291,38
100000,100,5403,48
100000,100,19350,8
100000,100,32760,11
100000,100,99406,17
100000,100,42707,11
100000,100,53807,150
100000,100,59104,137
100000,100,35629,184
100000,100,22022,172
100000,100,26485,19
100000,100,25649,187
100000,100,19002,171
100000,100,14092,6
100000,100,6752,205
100000,100,12735,16
100000,100,43995,319
100000,100,78334,207
100000,100,68015,19
100000,100,16109,242
100000,100,29798,17
100000,100,8292,8
100000,100,32393,11
100000,100,49111,15
100000,100,78334,711
100000,100,5997,326
100000,100,33923,9
100000,100,43030,904
100000,100,42743,358
100000,100,85084,5
100000,100,62777,604
100000,100,34716,8
100000,100,78076,38
100000,100,4159,687
100000,100,5746,10
100000,100,94975,1128
100000,100,19635,936
100000,100,5205,5
100000,100,17133,379
100000,100,58531,8
100000,100,55628,407
100000,100,42879,421
100000,100,66794,439
100000,100,74020,8
100000,100,15089,16
100000,100,21635,14
100000,100,28290,959
100000,100,19,5
100000,100,2011,993
100000,100,5285,7
100000,100,7511,1025
100000,100,16248,8
100000,100,5684,9
100000,100,29623,3362
100000,100,37336,6
100000,100,6974,5
100000,100,15294,3
100000,100,90646,3517
100000,100,91990,4784
100000,100,31732,3604
100000,100,77371,4150
100000,100,70501,3282
100000,100,78260,5116
100000,100,87477,3354
100000,100,37577,4321
100000,100,56299,1576
100000,100,93803,4794
100000,100,73165,5237
100000,100,87567,4832
100000,100,25717,4944
100000,100,89704,3976
100000,100,46378,3934
100000,100,81796,3942
100000,100,66572,5030
100000,100,42430,2180
100000,100,47988,5088
100000,100,22878,4967
100000,100,50628,6047
100000,100,73264,5003
100000,100,85262,5060
100000,100,47867,5091
100000,100,50032,6019
100000,100,59637,5738
100000,100,99112,5169
100000,100,93081,5540
100000,100,71668,5872
100000,100,76313,6337
100000,100,84434,5568
100000,100,83376,6850
100000,100,46045,5518
100000,100,73228,6716
100000,100,65889,6576
100000,100,36375,7109
100000,100,97745,6534
100000,100,76503,5983
100000,100,86405,5936
100000,100,96867,6414
100000,100,92703,6990
100000,100,90566,6351
100000,1000,69347,27
100000,1000,56392,18
100000,1000,69923,15
100000,1000,4011,23
100000,1000,33648,472
100000,1000,12517,490
100000,1000,27902,12
100000,1000,20542,537
100000,1000,63347,10
100000,1000,47931,12
100000,1000,28979,4
100000,1000,37273,370
100000,1000,24495,8
100000,1000,49990,5
100000,1000,44834,14
100000,1000,91363,4
100000,1000,36390,490
100000,1000,15271,498
100000,1000,35553,13
100000,1000,21692,5
100000,1000,53450,334
100000,1000,13105,33
100000,1000,5700,1094
100000,1000,10668,8
100000,1000,25361,1190
100000,1000,59728,18
100000,1000,41707,5
100000,1000,13012,7
100000,1000,44506,3
100000,1000,67890,10
100000,1000,1588,457
100000,1000,27211,7
100000,1000,51702,7
100000,1000,59601,885
100000,1000,13052,513
100000,1000,12868,8
100000,1000,32536,544
100000,1000,30975,4
100000,1000,48426,608
100000,1000,48431,9
100000,1000,22938,5
100000,1000,79480,5
100000,1000,46556,8
100000,1000,12353,7
100000,1000,71992,660
100000,1000,89747,6
100000,1000,50738,646
100000,1000,33678,1197
100000,1000,92066,5
100000,1000,90301,5
100000,1000,4731,749
100000,1000,58382,1349
100000,1000,76121,5
100000,1000,35802,13
100000,1000,43123,4
100000,1000,49024,9
100000,1000,13599,5
100000,1000,32820,8
100000,1000,26454,7
100000,1000,24130,646
100000,1000,90635,1199
100000,1000,52546,12
100000,1000,20392,12
100000,1000,52113,1859
100000,1000,32819,821
100000,1000,21171,2987
100000,1000,77105,811
100000,1000,33052,4
100000,1000,8073,5
100000,1000,36035,1435
100000,1000,54579,5
100000,1000,5732,5
100000,1000,16530,4
100000,1000,5444,5
100000,1000,1003,8
100000,1000,62369,5
100000,1000,83942,1633
100000,1000,55864,5
100000,1000,11074,8
100000,1000,19821,13
100000,1000,752,944
100000,1000,50754,6
100000,1000,17227,5
100000,1000,45126,12
100000,1000,6121,5
100000,1000,13806,5
100000,1000,17932,7
100000,1000,14256,5
100000,1000,53084,5
100000,1000,33823,1076
100000,1000,95024,1020
100000,1000,35757,1035
100000,1000,10608,5
100000,1000,19151,5
100000,1000,13638,5
100000,1000,5539,5
100000,1000,68166,10
100000,1000,16905,6
100000,1000,12994,5
100000,1000,1282,8
100000,1000,38653,4
100000,1000,73819,2355
100000,1000,85238,5
100000,1000,98820,5
100000,1000,529,1152
100000,1000,236,5
100000,1000,11182,8
100000,1000,50815,1179
100000,1000,27744,6
100000,1000,84017,4488
100000,1000,38956,13
100000,1000,15139,1200
100000,1000,28047,7
100000,1000,46925,3
100000,1000,5856,7
100000,1000,10735,3
100000,1000,10084,3
100000,1000,117,1271
100000,1000,30703,4
100000,1000,5540,5
100000,1000,22443,7
100000,1000,9870,7
100000,1000,69324,2846
100000,1000,61666,7
100000,1000,4076,1349
100000,1000,94261,5
100000,1000,66514,5
100000,1000,8758,6
100000,1000,18609,3094
100000,1000,23388,5
100000,1000,27724,5
100000,1000,25228,5
100000,1000,77648,8
100000,1000,5326,4
100000,1000,34779,15
100000,1000,23727,5
100000,1000,68010,5
100000,1000,38737,1532
100000,1000,51162,1594
100000,1000,54676,3597
100000,1000,3923,5
100000,1000,32299,4
100000,1000,62828,1568
100000,1000,4133,4
100000,1000,68162,6302
100000,1000,26052,31
100000,1000,15003,5
100000,1000,68301,1687
100000,1000,16628,1666
100000,1000,29382,6
100000,1000,6043,1698
100000,1000,21092,14
100000,1000,88350,5162
100000,1000,15303,1738
100000,1000,1335,5
100000,1000,39896,5
100000,1000,41681,7
100000,1000,99501,7
100000,1000,15640,5
100000,1000,32161,5
100000,1000,40187,4
100000,1000,26529,4055
100000,1000,55853,1922
100000,1000,66429,39
100000,1000,35384,5
100000,1000,37681,5028
100000,1000,80422,5
100000,1000,31980,1966
100000,1000,45749,14
100000,1000,39071,4
100000,1000,76177,4355
100000,1000,75420,1960
100000,1000,24457,13
100000,1000,9121,5264
100000,1000,14475,5
100000,1000,43994,5
100000,1000,28462,4
100000,1000,34723,13
100000,1000,75350,7804
100000,1000,18673,5
100000,1000,30194,4
100000,1000,12592,8
100000,1000,36076,5
100000,1000,1578,10
100000,1000,13364,13
100000,1000,75076,4872
100000,1000,53330,5
100000,1000,15190,5
100000,1000,76839,6523
100000,1000,42840,5
100000,1000,67750,7
100000,1000,88999,4949
100000,1000,2302,2116
100000,1000,11581,2167
100000,1000,45473,4868
100000,1000,81627,6
100000,1000,33388,5
100000,1000,29724,2241
100000,1000,96353,2239
100000,1000,95232,5
100000,1000,43553,12
100000,1000,93606,7814
100000,1000,3631,4
100000,1000,50827,4
100000,1000,85594,5178
100000,1000,95400,5
100000,1000,9953,2219
100000,1000,14351,5
100000,1000,77524,2201
100000,1000,69812,9353
100000,1000,8871,6
100000,1000,50473,5
100000,1000,37470,5
100000,1000,42944,5
100000,1000,79604,7
100000,1000,13498,6539
100000,1000,63010,2317
100000,1000,10829,5
100000,1000,76074,5485
100000,1000,82577,5
100000,1000,13251,5
100000,1000,47449,8170
100000,1000,78635,6
100000,1000,20607,8
100000,1000,21127,2239
100000,1000,49531,2247
100000,1000,10146,12
100000,1000,23354,5
100000,1000,20722,6
100000,1000,77132,5578
100000,1000,73357,2305
100000,1000,31147,7
100000,1000,65516,5
100000,1000,56950,5709
100000,1000,59508,6988
100000,1000,2037,6
100000,1000,20663,5
100000,1000,40233,5724
100000,1000,3357,12
100000,1000,12340,5
100000,1000,69068,17
100000,1000,79621,6
100000,1000,14575,5
100000,1000,30324,8
100000,1000,11883,5
100000,1000,23764,2450
100000,1000,67713,9642
100000,1000,58134,12
100000,1000,16989,5947
100000,1000,36280,5
100000,1000,4876,7
100000,1000,743,4
100000,1000,64363,9133
100000,1000,8154,2378
100000,1000,44757,2402
100000,1000,78087,6076
100000,1000,13903,2389
100000,1000,79724,5996
100000,1000,51697,7
100000,1000,14353,4
100000,1000,83956,5
100000,1000,73764,6094
100000,1000,51292,6088
100000,1000,45634,7716
100000,1000,89594,10978
100000,1000,16850,7
100000,1000,3513,2301
100000,1000,39014,7684
100000,1000,33025,6182
100000,1000,8826,5
100000,1000,33093,2269
100000,1000,16435,6
100000,1000,36674,5
100000,1000,33746,8
100000,1000,42961,5
100000,1000,67110,7933
100000,1000,33300,5
100000,1000,36788,7983
100000,1000,2558,2344
100000,1000,54768,12958
100000,1000,24877,5
100000,1000,30681,2262
100000,1000,91735,5
100000,1000,2592,5
100000,1000,20166,4
100000,1000,63799,6402
100000,1000,42216,10660
100000,1000,11574,5
100000,1000,21383,8
100000,1000,20293,2322
100000,1000,97866,7
100000,1000,94975,12069
100000,1000,43937,12
100000,1000,32612,5
100000,1000,41216,2357
100000,1000,15163,11
100000,1000,90703,11585
100000,1000,65899,10
100000,1000,15026,19
100000,1000,21312,8
100000,1000,17642,5
100000,1000,18165,2398
100000,1000,43925,5
100000,1000,10607,5
100000,1000,51193,13
100000,1000,10335,2463
100000,1000,91926,11256
100000,1000,49250,6
100000,1000,25156,5
100000,1000,74349,12983
100000,1000,3976,17
100000,1000,27391,19
100000,1000,2179,5
100000,1000,2970,4
100000,1000,33849,2630
100000,1000,46193,9113
100000,1000,5336,11
100000,1000,77781,4
100000,1000,36954,2702
100000,1000,73197,7177
100000,1000,51943,2749
100000,1000,42178,2717
100000,1000,31392,4
100000,1000,76074,5
100000,1000,9649,2780
100000,1000,16146,4
100000,1000,1744,4
100000,1000,18498,5
100000,1000,61375,4
100000,1000,7288,8
100000,1000,49426,9
100000,1000,53712,7475
100000,1000,11382,9525
100000,1000,8503,4
100000,1000,75376,5
100000,1000,55328,2800
100000,1000,13942,2840
100000,1000,96539,9607
100000,1000,39352,12
100000,1000,19956,5
100000,1000,1434,2833
100000,1000,36664,5
100000,1000,35983,5
100000,1000,2309,2804
100000,1000,67942,11
100000,1000,19330,9724
100000,1000,42943,2827
100000,1000,98242,4
100000,1000,52911,2858
100000,1000,12138,7690
100000,1000,85129,12606
100000,1000,18778,5
100000,1000,24938,8
100000,1000,19438,7800
100000,1000,28713,2843
100000,1000,83644,6
100000,1000,7871,5
100000,1000,37692,7996
100000,1000,20007,8
100000,1000,51488,5
100000,1000,65131,3089
100000,1000,8501,6
100000,1000,26580,5
100000,1000,68531,5
100000,1000,39247,24
100000,1000,6299,3166
100000,1000,79447,15
100000,1000,21034,3210
100000,1000,59471,8277
100000,1000,1169,7
100000,1000,10171,7
100000,1000,29353,3244
100000,1000,47514,16664
100000,1000,27348,5
100000,1000,13027,5
100000,1000,77111,8480
100000,1000,78958,16
100000,1000,65346,3018
100000,1000,9002,5
100000,1000,62388,4
100000,1000,39414,3108
100000,1000,93952,38
100000,1000,10568,5
100000,1000,40799,3
100000,1000,55349,6
100000,1000,21977,5
100000,1000,17649,3190
100000,1000,23958,5
100000,1000,39151,5
100000,1000,456,5
100000,1000,7487,6
100000,1000,55380,3175
100000,1000,53379,18308
100000,1000,56836,5
100000,1000,73633,3
100000,1000,7430,6
100000,1000,64602,11422
100000,1000,77225,11
100000,1000,10450,3266
100000,1000,10444,4
100000,1000,25397,5
100000,1000,56371,5
100000,1000,19433,7
100000,1000,27999,11603
100000,1000,7228,10
100000,1000,57370,3
100000,1000,21104,6
100000,1000,18769,14716
100000,1000,3227,4
100000,1000,54296,3325
100000,1000,6481,3340
100000,1000,39714,5
100000,1000,38958,9510
100000,1000,42631,12
100000,1000,67152,11842
100000,1000,48681,13
100000,1000,12213,5
100000,1000,62813,5
100000,1000,50709,3382
100000,1000,11637,3403
100000,1000,47221,5
100000,1000,15808,4
100000,1000,12473,12
100000,1000,25124,8
100000,1000,22036,5
100000,1000,40273,8
100000,1000,26618,4
100000,1000,32076,4
100000,1000,26102,3504
100000,1000,99259,5
100000,1000,306,5
100000,1000,3482,9
100000,1000,31700,10041
100000,1000,17281,3606
100000,1000,29097,10084
100000,1000,92873,19
100000,1000,20592,3557
100000,1000,69299,19
100000,1000,13780,19
100000,1000,18001,5
100000,1000,38503,10302
100000,1000,19154,7
100000,1000,58687,5
100000,1000,23613,5
100000,1000,49560,10
100000,1000,52550,3532
100000,1000,5027,12
100000,1000,69604,6
100000,1000,12296,4
100000,1000,50483,5
100000,1000,87148,3597
100000,1000,6603,4
100000,1000,96589,16303
100000,1000,3110,13
100000,1000,53607,4
100000,1000,34455,10839
100000,1000,3137,13143
100000,1000,40181,4
100000,1000,51283,5
100000,1000,82676,5
100000,1000,21685,5
100000,1000,33698,10
100000,1000,50073,5
100000,1000,25566,5
100000,1000,94764,16692
100000,1000,23752,31
100000,1000,27824,4
100000,1000,13363,13524
100000,1000,13274,3746
100000,1000,1533,3
100000,1000,26997,13558
100000,1000,59984,5
100000,1000,15665,5
100000,1000,17417,4
100000,1000,91241,4
100000,1000,27193,11325
100000,1000,97814,5
100000,1000,14680,11330
100000,1000,33557,4
100000,1000,17052,3861
100000,1000,64911,3884
100000,1000,85120,9
100000,1000,80864,5
100000,1000,97589,20293
100000,1000,67826,7
100000,1000,57898,11541
100000,1000,60874,5
100000,1000,14408,8
100000,1000,88490,4
100000,1000,34434,5
100000,1000,33894,5
100000,1000,12670,5
100000,1000,2682,11632
100000,1000,4455,3909
100000,1000,18064,5
100000,1000,93901,3952
100000,1000,57561,5
100000,1000,72062,5
100000,1000,60334,14411
100000,1000,10904,4019
100000,1000,68009,14523
100000,1000,82552,4000
100000,1000,49358,7
100000,1000,14124,7
100000,1000,14857,5
100000,1000,58247,9
100000,1000,48076,5
100000,1000,13618,5
100000,1000,59038,5
100000,1000,35839,4065
100000,1000,73022,5
100000,1000,40856,4090
100000,1000,15207,9
100000,1000,66199,12408
100000,1000,4371,4
100000,1000,50451,5
100000,1000,66070,5
100000,1000,33151,5
100000,1000,20450,5
100000,1000,85890,5
100000,1000,74303,5
100000,1000,47296,4131
100000,1000,98512,8
100000,1000,81279,15236
100000,1000,37109,4139
100000,1000,89492,5
100000,1000,57289,6
100000,1000,88403,15303
100000,1000,93744,4
100000,1000,60124,3
100000,1000,77772,13031
100000,1000,39891,5
100000,1000,13803,5
100000,1000,20047,8
100000,1000,14367,4054
100000,1000,14675,5
100000,1000,89299,5
100000,1000,31324,7
100000,1000,64270,5
100000,1000,20940,15538
100000,1000,8176,5
100000,1000,32653,5
100000,1000,4343,7
100000,1000,21810,5
100000,1000,44229,8
100000,1000,4605,5
100000,1000,19733,13466
100000,1000,54527,4
100000,1000,68124,5
100000,1000,60407,4251
100000,1000,44789,4290
100000,1000,92733,23584
100000,1000,24554,4329
100000,1000,96501,19953
100000,1000,5251,4345
100000,1000,91463,21680
100000,1000,82121,24590
100000,1000,82707,13966
100000,1000,62754,13888
100000,1000,54734,4276
100000,1000,29718,4282
100000,1000,56307,13996
100000,1000,8854,4257
100000,1000,35496,4263
100000,1000,31985,16284
100000,1000,11953,4210
100000,1000,7517,4245
100000,1000,49145,14090
100000,1000,29628,4260
100000,1000,7988,14109
100000,1000,45359,4283
100000,1000,9918,4282
100000,1000,78467,14262
100000,1000,20202,4253
100000,1000,51094,20587
100000,1000,87188,14256
100000,1000,48411,4229
100000,1000,96467,16619
100000,1000,52704,4196
100000,1000,6311,4170
100000,1000,63533,22794
100000,1000,26901,14363
100000,1000,62084,14422
100000,1000,11367,16790
100000,1000,39379,4146
100000,1000,27500,4153
100000,1000,42871,4196
100000,1000,71806,4214
100000,1000,50371,14545
100000,1000,40876,14450
100000,1000,93892,23242
100000,1000,88040,14390
100000,1000,77870,16954
100000,1000,14294,4131
100000,1000,81228,21298
100000,1000,67224,21361
100000,1000,21332,14520
100000,1000,68962,4145
100000,1000,12259,4149
100000,1000,30628,4191
100000,1000,2497,4211
100000,1000,71067,17219
100000,1000,42608,23741
100000,1000,10819,4202
100000,1000,39133,17283
100000,1000,39815,14768
100000,1000,73960,4195
100000,1000,73974,21800
100000,1000,78046,4130
100000,1000,79368,14817
100000,1000,85380,17477
100000,1000,52961,4108
100000,1000,37510,14825
100000,1000,81247,28193
100000,1000,92319,4104
100000,1000,57835,14939
100000,1000,52847,14993
100000,1000,52570,14879
100000,1000,94774,24263
100000,1000,28939,14885
100000,1000,54417,14917
100000,1000,58763,22379
100000,1000,98998,17806
100000,1000,64161,27300
100000,1000,92644,22392
100000,1000,46963,15061
100000,1000,15253,22467
100000,1000,98847,15135
100000,1000,57099,17848
100000,1000,32278,15132
100000,1000,77158,27537
100000,1000,68652,15099
100000,1000,67859,22657
100000,1000,56962,15140
100000,1000,77131,15158
100000,1000,49333,27659
100000,1000,74264,15105
100000,1000,81078,15121
100000,1000,92878,15197
100000,1000,92142,15138
100000,1000,39469,17974
100000,1000,41234,15254
100000,1000,87776,18109
100000,1000,60285,29847
100000,1000,77135,23175
100000,1000,81093,15269
100000,1000,55399,15189
100000,1000,42879,18326
100000,1000,55922,23353
100000,1000,51009,15192
100000,1000,40446,18389
100000,1000,57216,25669
100000,1000,41418,25741
100000,1000,67910,15325
100000,1000,52365,25752
100000,1000,62309,15224
100000,1000,69488,15172
100000,1000,99341,15200
100000,1000,73469,15205
100000,1000,84116,23728
100000,1000,86046,15225
100000,1000,52641,28878
100000,1000,45485,18253
100000,1000,97290,23756
100000,1000,12413,14985
100000,1000,58702,26218
100000,1000,65862,15115
100000,1000,88025,29256
100000,1000,58821,24067
100000,1000,38652,15243
100000,1000,63702,24138
100000,1000,76155,29488
100000,1000,31882,15361
100000,1000,45415,15440
100000,1000,49003,26641
100000,1000,38419,15273
100000,1000,57479,15286
100000,1000,25051,18604
100000,1000,89195,26876
100000,1000,38991,18634
100000,1000,70901,24638
100000,1000,99703,15281
100000,1000,59152,15289
100000,1000,88191,15279
100000,1000,45964,15288
100000,1000,59973,15315
100000,1000,43670,15155
100000,1000,50349,18626
100000,1000,39028,27217
100000,1000,74725,18759
100000,1000,67698,27445
100000,1000,29146,15269
100000,1000,43091,15278
100000,1000,59564,18828
100000,1000,22777,18881
100000,1000,32886,25306
100000,1000,91979,15267
100000,1000,37190,15224
100000,1000,49348,31045
100000,1000,80103,33440
100000,1000,80643,15250
100000,1000,96655,31181
100000,1000,82197,15198
100000,1000,21113,34906
100000,1000,33785,15161
100000,1000,75706,25711
100000,1000,37912,15186
100000,1000,90880,18811
100000,1000,66611,28145
100000,1000,85252,18877
100000,1000,41663,18930
100000,1000,47027,15302
100000,1000,73145,15240
100000,1000,28838,15263
100000,1000,58863,15284
100000,1000,39330,34934
100000,1000,53518,15333
100000,1000,29753,15334
100000,1000,52835,26208
100000,1000,37119,19050
100000,1000,43837,26196
100000,1000,86162,19065
100000,1000,88998,19081
100000,1000,82688,19142
100000,1000,34450,15481
100000,1000,91967,26468
100000,1000,66966,19289
100000,1000,16830,26578
100000,1000,57111,15638
100000,1000,52196,19399
100000,1000,39201,15636
100000,1000,49218,26695
100000,1000,28889,15627
100000,1000,94342,15598
100000,1000,65742,15622
100000,1000,69477,15502
100000,1000,74139,26865
100000,1000,74119,26881
100000,1000,58463,15575
100000,1000,40707,19405
100000,1000,71299,35423
100000,1000,94061,19470
100000,1000,27778,29396
100000,1000,8059,19537
100000,1000,67806,15743
100000,1000,90807,27033
100000,1000,81869,15759
100000,1000,45958,15779
100000,1000,67018,27180
100000,1000,41783,15774
100000,1000,26657,15712
100000,1000,34716,27231
100000,1000,46921,33132
100000,1000,69360,29778
100000,1000,74470,15826
100000,1000,44420,19705
100000,1000,35415,27328
100000,1000,66836,38140
100000,1000,98919,15869
100000,1000,64569,19831
100000,1000,89127,15812
100000,1000,67611,15895
100000,1000,77307,15878
100000,1000,34344,30054
100000,1000,21147,15891
100000,1000,36984,15943
100000,1000,80310,19949
100000,1000,93360,27925
100000,1000,86930,15990
100000,1000,64126,15932
100000,1000,74476,15962
100000,1000,74405,38467
100000,1000,53325,30595
100000,1000,56260,15920
100000,1000,67035,15899
100000,1000,69982,35710
100000,1000,99336,28355
100000,1000,67895,16030
100000,1000,72774,15900
100000,1000,66613,15930
100000,1000,67151,35976
100000,1000,81350,20084
100000,1000,84055,30994
100000,1000,62847,16025
100000,1000,88142,34770
100000,1000,24791,20195
100000,1000,53217,28726
100000,1000,84701,31137
100000,1000,36803,16158
100000,1000,48290,16109
100000,1000,69421,38171
100000,1000,90560,20298
100000,1000,66105,28906
100000,1000,76768,16214
100000,1000,52843,35042
100000,1000,99642,20317
100000,1000,20321,16266
100000,1000,65371,16147
100000,1000,58339,16126
100000,1000,49307,29087
100000,1000,47986,20352
100000,1000,42265,16261
100000,1000,88120,35252
100000,1000,36956,16397
100000,1000,56163,20567
100000,1000,60827,40332
100000,1000,79716,29501
100000,1000,56659,16496
