M,N,chunksToPut,accessTime
1000,10,410,34797
1000,10,685,32857
1000,10,754,35187
1000,10,237,57807
1000,10,46,29632
1000,10,222,64795
1000,10,715,64715
1000,10,793,64734
1000,10,648,65148
1000,10,406,65549
1000,100,858,242
1000,100,96,94
1000,100,519,94
1000,100,429,94
1000,100,96,315
1000,100,2,357
1000,100,160,73784
1000,100,922,72539
1000,100,264,72816
1000,100,713,71947
1000,100,670,72452
1000,100,343,68784
1000,100,896,68919
1000,100,965,68654
1000,100,171,68895
1000,100,745,69052
1000,100,218,66593
1000,100,807,66670
1000,100,868,67005
1000,100,916,67133
1000,100,872,64665
1000,100,156,64912
1000,100,228,65143
1000,100,876,65397
1000,100,943,69815
1000,100,333,69827
1000,100,695,70228
1000,100,527,70512
1000,100,773,70669
1000,100,472,71194
1000,100,275,70621
1000,100,926,65782
1000,100,588,63863
1000,100,717,63826
1000,100,893,63982
1000,100,914,64100
1000,100,421,64092
1000,100,186,64300
1000,100,487,64003
1000,100,939,64535
1000,100,321,45103
1000,100,349,45160
1000,100,665,45233
1000,100,515,45144
1000,100,857,44699
1000,100,246,44640
1000,100,717,44691
1000,100,61,44761
1000,100,843,44934
1000,100,717,45080
1000,100,499,45102
1000,100,375,45155
1000,100,624,45045
1000,100,191,44103
1000,100,772,44098
1000,100,985,44323
1000,100,132,44387
1000,100,100,44464
1000,100,685,44487
1000,100,90,44517
1000,100,909,44552
1000,100,99,44599
1000,100,711,44975
1000,100,167,45052
1000,100,171,45005
1000,100,155,43639
1000,100,525,43721
1000,100,241,43751
1000,100,81,44062
1000,100,270,44128
1000,100,159,41199
1000,100,667,38196
1000,100,93,37454
1000,100,688,34539
1000,100,618,33841
1000,100,343,31510
1000,100,596,30203
1000,100,177,30434
1000,100,495,28869
1000,100,425,28952
1000,100,700,28948
1000,100,886,29012
1000,100,144,29061
1000,100,629,29173
1000,100,674,29242
1000,100,232,29090
1000,100,2,29072
1000,100,102,29416
1000,100,684,29480
1000,100,963,29688
1000,100,509,54605
1000,100,628,54867
1000,100,442,52219
1000,100,598,52193
1000,100,972,51462
1000,1000,252,154
1000,1000,955,72
1000,1000,2,27
1000,1000,695,28
1000,1000,49,64
1000,1000,4,161
1000,1000,38,57
1000,1000,5,3374
1000,1000,153,231703
1000,1000,590,234542
1000,1000,904,233500
1000,1000,624,233891
1000,1000,324,232696
1000,1000,485,232739
1000,1000,977,232706
1000,1000,732,232643
1000,1000,968,232608
1000,1000,471,232662
1000,1000,216,232707
1000,1000,893,232663
1000,1000,906,232656
1000,1000,235,233794
1000,1000,356,228493
1000,1000,511,225045
1000,1000,190,225240
1000,1000,280,225278
1000,1000,287,225344
1000,1000,864,225722
1000,1000,501,225691
1000,1000,658,226016
1000,1000,97,225894
1000,1000,994,225532
1000,1000,935,225734
1000,1000,932,226000
1000,1000,682,226269
1000,1000,637,226458
1000,1000,226,226468
1000,1000,540,226519
1000,1000,423,226506
1000,1000,271,226697
1000,1000,264,226800
1000,1000,668,226753
1000,1000,803,220809
1000,1000,522,220879
1000,1000,180,220748
1000,1000,246,220844
1000,1000,850,213182
1000,1000,344,209138
1000,1000,852,209207
1000,1000,513,209252
1000,1000,138,209144
1000,1000,218,208604
1000,1000,109,210582
1000,1000,595,206212
1000,1000,657,206261
1000,1000,733,206295
1000,1000,965,206340
1000,1000,193,206591
1000,1000,254,206702
1000,1000,310,207440
1000,1000,44,207436
1000,1000,804,207428
1000,1000,771,207599
1000,1000,451,207712
1000,1000,714,207956
1000,1000,246,208082
1000,1000,110,208125
1000,1000,213,208237
1000,1000,818,208359
1000,1000,474,208364
1000,1000,717,208662
1000,1000,909,208801
1000,1000,380,208900
1000,1000,305,209076
1000,1000,784,209003
1000,1000,420,205485
1000,1000,210,200866
1000,1000,888,200951
1000,1000,321,201026
1000,1000,947,200962
1000,1000,724,201099
1000,1000,793,201165
1000,1000,151,201188
1000,1000,790,201211
1000,1000,433,205639
1000,1000,60,205715
1000,1000,561,205827
1000,1000,395,205822
1000,1000,493,205903
1000,1000,185,206047
1000,1000,354,202462
1000,1000,415,202441
1000,1000,528,202361
1000,1000,590,202510
1000,1000,394,202557
1000,1000,977,202634
1000,1000,727,202697
1000,1000,371,202702
1000,1000,865,202848
1000,1000,617,203006
1000,1000,390,202733
1000,1000,654,199016
1000,1000,562,197688
1000,1000,686,197738
1000,1000,138,203003
1000,1000,790,197741
1000,1000,95,197846
1000,1000,523,197889
1000,1000,666,197990
1000,1000,986,198147
1000,1000,515,198161
1000,1000,124,198253
1000,1000,647,198258
1000,1000,471,198274
1000,1000,526,198381
1000,1000,419,198394
1000,1000,577,198079
1000,1000,953,198195
1000,1000,128,198314
1000,1000,840,198375
1000,1000,978,198346
1000,1000,596,198515
1000,1000,581,198665
1000,1000,180,198639
1000,1000,955,198711
1000,1000,414,198856
1000,1000,63,198995
1000,1000,857,199067
1000,1000,362,198827
1000,1000,712,199001
1000,1000,304,198781
1000,1000,344,198756
1000,1000,916,198827
1000,1000,6,198790
1000,1000,31,198846
1000,1000,261,198841
1000,1000,939,195477
1000,1000,68,195590
1000,1000,6,195577
1000,1000,974,195596
1000,1000,829,195774
1000,1000,318,195834
1000,1000,813,195897
1000,1000,42,195978
1000,1000,491,196110
1000,1000,83,196126
1000,1000,700,195464
1000,1000,483,193473
1000,1000,64,193577
1000,1000,345,193572
1000,1000,96,193546
1000,1000,414,192580
1000,1000,355,192614
1000,1000,179,192683
1000,1000,536,192694
1000,1000,289,192773
1000,1000,446,192772
1000,1000,695,192850
1000,1000,656,192935
1000,1000,273,193109
1000,1000,535,193142
1000,1000,772,193158
1000,1000,572,193224
1000,1000,494,193029
1000,1000,711,191612
1000,1000,721,191748
1000,1000,961,191835
1000,1000,758,191829
1000,1000,312,191929
1000,1000,741,191940
1000,1000,30,191975
1000,1000,650,192755
1000,1000,159,192791
1000,1000,519,194051
1000,1000,225,194404
1000,1000,261,194447
1000,1000,936,194395
1000,1000,973,191971
1000,1000,696,194444
1000,1000,993,194566
1000,1000,591,194665
1000,1000,806,194623
1000,1000,850,194730
1000,1000,116,194794
1000,1000,208,195423
1000,1000,872,195468
1000,1000,598,195675
1000,1000,85,195701
1000,1000,395,195786
1000,1000,389,195758
1000,1000,90,195841
1000,1000,564,195841
1000,1000,447,195874
1000,1000,439,196449
1000,1000,570,196456
1000,1000,966,196577
1000,1000,529,196519
1000,1000,152,196396
1000,1000,860,196402
1000,1000,618,196439
1000,1000,215,196459
1000,1000,305,196675
1000,1000,30,196671
1000,1000,560,196647
1000,1000,972,196579
1000,1000,407,196839
1000,1000,611,196908
1000,1000,847,196943
1000,1000,930,196846
1000,1000,450,196838
1000,1000,781,196812
1000,1000,910,199361
1000,1000,914,199584
1000,1000,521,199614
1000,1000,253,199571
1000,1000,47,199510
1000,1000,519,199529
1000,1000,158,199576
1000,1000,847,199613
1000,1000,250,199816
1000,1000,710,199805
1000,1000,564,199874
1000,1000,390,199958
1000,1000,649,199953
1000,1000,119,200032
1000,1000,535,200111
1000,1000,441,200183
1000,1000,989,200166
1000,1000,676,200299
1000,1000,829,200468
1000,1000,385,200507
1000,1000,337,200502
1000,1000,57,200493
1000,1000,317,200540
1000,1000,238,200519
1000,1000,725,200526
1000,1000,55,200579
1000,1000,828,200545
1000,1000,82,200600
1000,1000,661,200625
1000,1000,322,200610
1000,1000,164,200694
1000,1000,431,200733
1000,1000,594,200685
1000,1000,169,200662
1000,1000,570,200046
1000,1000,88,196138
1000,1000,214,196074
1000,1000,261,196063
1000,1000,828,196095
1000,1000,82,196107
1000,1000,550,195594
1000,1000,98,193619
1000,1000,462,192782
1000,1000,551,192481
1000,1000,782,192495
1000,1000,98,192492
1000,1000,671,192539
1000,1000,30,192556
1000,1000,664,192416
1000,1000,582,192284
1000,1000,800,192444
1000,1000,854,192449
1000,1000,44,192531
1000,1000,255,192545
1000,1000,237,192471
1000,1000,302,192617
1000,1000,990,192686
1000,1000,707,192622
1000,1000,146,192802
1000,1000,386,192835
1000,1000,315,192773
1000,1000,629,192767
1000,1000,935,192841
1000,1000,800,192971
1000,1000,232,192905
1000,1000,705,192962
1000,1000,325,192894
1000,1000,577,192934
1000,1000,247,192970
1000,1000,449,193052
1000,1000,956,192979
1000,1000,842,193100
1000,1000,986,193206
1000,1000,82,193223
1000,1000,82,193195
1000,1000,558,193220
1000,1000,148,193211
1000,1000,511,193101
1000,1000,740,193116
1000,1000,827,187573
1000,1000,981,186445
1000,1000,556,181417
1000,1000,765,180831
1000,1000,648,179704
1000,1000,849,174539
1000,1000,846,174803
1000,1000,617,175006
1000,1000,700,175048
1000,1000,347,175083
1000,1000,279,175033
1000,1000,98,175049
1000,1000,515,175065
1000,1000,440,175161
1000,1000,627,175201
1000,1000,979,175317
1000,1000,955,175346
1000,1000,756,182912
1000,1000,409,182937
1000,1000,447,182909
1000,1000,49,180098
1000,1000,927,176084
1000,1000,492,170689
1000,1000,975,170713
1000,1000,390,170728
1000,1000,442,170731
1000,1000,194,170673
1000,1000,463,170689
1000,1000,330,170685
1000,1000,647,170673
1000,1000,319,170695
1000,1000,158,170891
1000,1000,775,170888
1000,1000,936,170868
1000,1000,891,169693
1000,1000,666,168046
1000,1000,86,167968
1000,1000,403,167946
1000,1000,380,168114
1000,1000,73,168102
1000,1000,792,168154
1000,1000,294,168132
1000,1000,463,168034
1000,1000,900,168042
1000,1000,228,168043
1000,1000,314,167974
1000,1000,501,168626
1000,1000,416,168738
1000,1000,15,168768
1000,1000,602,168758
1000,1000,595,168843
1000,1000,367,168942
1000,1000,623,168934
1000,1000,778,168997
1000,1000,828,168631
1000,1000,800,167233
1000,1000,233,167259
1000,1000,292,167311
1000,1000,804,167417
1000,1000,184,167541
1000,1000,215,167519
1000,1000,459,167565
1000,1000,587,169866
1000,1000,518,170009
1000,1000,535,170031
1000,1000,970,170059
1000,1000,564,170096
1000,1000,514,170138
1000,1000,293,170163
1000,1000,2,170140
1000,1000,545,170103
1000,1000,837,170163
1000,1000,796,170041
1000,1000,37,170194
1000,1000,304,170078
1000,1000,955,170094
1000,1000,116,170215
1000,1000,592,170208
1000,1000,389,170211
1000,1000,567,170261
1000,1000,909,170282
1000,1000,21,170463
1000,1000,345,170459
1000,1000,48,170485
1000,1000,180,170466
1000,1000,824,170513
1000,1000,552,170410
1000,1000,135,170413
1000,1000,159,170399
1000,1000,277,170473
1000,1000,549,170431
1000,1000,748,170475
1000,1000,327,170497
1000,1000,788,170458
1000,1000,441,170535
1000,1000,756,172721
1000,1000,472,172730
1000,1000,992,172708
1000,1000,9,172792
1000,1000,105,172780
1000,1000,91,172772
1000,1000,203,172769
1000,1000,507,172900
1000,1000,871,172866
1000,1000,254,172853
1000,1000,606,172913
1000,1000,854,173006
1000,1000,606,173031
1000,1000,538,172990
1000,1000,664,173081
1000,1000,400,173084
1000,1000,272,173051
1000,1000,868,173083
1000,1000,782,173223
1000,1000,19,173227
1000,1000,886,173260
1000,1000,962,173262
1000,1000,682,173286
1000,1000,337,173409
1000,1000,387,170993
1000,1000,451,170967
1000,1000,687,171036
1000,1000,766,171000
1000,1000,94,171096
1000,1000,649,171040
1000,1000,659,170990
1000,1000,212,170952
1000,1000,376,170947
1000,1000,106,170925
1000,1000,152,170915
1000,1000,17,170900
1000,1000,80,170871
1000,1000,225,170847
1000,1000,912,170807
1000,1000,301,170878
1000,1000,578,170824
1000,1000,835,170819
1000,1000,598,170751
1000,1000,54,170781
1000,1000,353,170761
1000,1000,615,170716
1000,1000,245,170760
1000,1000,694,170734
1000,1000,565,170790
1000,1000,778,170802
1000,1000,138,170766
1000,1000,270,170736
1000,1000,411,170743
1000,1000,466,170767
1000,1000,57,170913
1000,1000,580,170888
1000,1000,583,169820
1000,1000,717,169911
1000,1000,174,169965
1000,1000,162,170016
1000,1000,194,170027
1000,1000,601,170061
1000,1000,446,170135
1000,1000,787,170219
1000,1000,876,168303
1000,1000,333,168275
1000,1000,371,168309
1000,1000,290,168294
1000,1000,789,168363
1000,1000,438,168431
1000,1000,207,168448
1000,1000,647,168495
1000,1000,712,168573
1000,1000,339,168587
1000,1000,221,168658
1000,1000,334,168684
1000,1000,535,168703
1000,1000,31,168825
1000,1000,693,168857
1000,1000,193,168830
1000,1000,36,167826
1000,1000,23,164971
1000,1000,948,163238
1000,1000,21,163239
1000,1000,53,163246
1000,1000,591,163256
1000,1000,721,162587
1000,1000,224,162579
1000,1000,76,161726
1000,1000,675,161729
1000,1000,22,160819
1000,1000,269,160748
1000,1000,370,160818
1000,1000,522,160816
1000,1000,923,160849
1000,1000,335,160831
1000,1000,447,160834
1000,1000,417,160730
1000,1000,238,160737
1000,1000,926,160796
1000,1000,34,160899
1000,1000,434,160924
1000,1000,125,160962
1000,1000,563,161044
1000,1000,975,161062
1000,1000,423,161127
1000,1000,372,161147
1000,1000,169,161220
1000,1000,840,161231
1000,1000,800,161222
1000,1000,330,161215
1000,1000,566,161339
1000,1000,759,161338
1000,1000,592,161483
1000,1000,741,161529
1000,1000,960,161592
1000,1000,939,161610
1000,1000,636,161671
1000,1000,48,161704
1000,1000,194,161738
1000,1000,46,161765
1000,1000,74,161816
1000,1000,865,161949
1000,1000,812,161875
1000,1000,715,161943
1000,1000,284,162018
1000,1000,78,162031
1000,1000,499,162036
1000,1000,335,162133
1000,1000,849,162263
1000,1000,589,162287
1000,1000,40,162290
1000,1000,219,162314
1000,1000,458,162411
1000,1000,494,162431
1000,1000,17,162471
1000,1000,916,162524
1000,1000,902,162593
1000,1000,316,162704
1000,1000,528,162775
1000,1000,31,162831
1000,1000,407,162856
1000,1000,670,162879
1000,1000,697,162903
1000,1000,23,163029
1000,1000,622,163013
1000,1000,764,163035
1000,1000,302,163073
1000,1000,63,163159
1000,1000,966,163155
1000,1000,250,163210
1000,1000,718,163282
1000,1000,403,163285
1000,1000,633,163422
1000,1000,698,163432
1000,1000,35,163500
1000,1000,271,163494
1000,1000,575,163558
1000,1000,140,163616
1000,1000,99,163654
1000,1000,477,163685
1000,1000,499,163669
1000,1000,947,163754
1000,1000,398,163778
1000,1000,438,163891
1000,1000,402,163964
1000,1000,133,164029
1000,1000,206,164047
1000,1000,300,164101
1000,1000,688,164134
1000,1000,93,164200
1000,1000,29,164248
1000,1000,197,164269
1000,1000,346,164309
1000,1000,210,164486
1000,1000,397,164519
1000,1000,631,164599
1000,1000,905,164606
1000,1000,318,164658
1000,1000,659,164663
1000,1000,452,164715
1000,1000,108,164753
1000,1000,990,164763
1000,1000,519,164794
1000,1000,510,164816
1000,1000,9,164837
1000,1000,284,164855
1000,1000,533,164943
1000,1000,416,164333
1000,1000,183,162338
1000,1000,704,162191
1000,1000,951,162077
1000,1000,565,162139
1000,1000,302,162118
1000,1000,758,162188
1000,1000,757,162200
1000,1000,451,161686
1000,1000,695,161708
1000,1000,125,161785
1000,1000,69,163673
1000,1000,973,164025
1000,1000,744,164140
1000,1000,220,164431
1000,1000,712,164487
1000,1000,23,164594
1000,1000,542,164654
1000,1000,511,164696
1000,1000,28,164752
1000,1000,365,164880
1000,1000,874,164921
1000,1000,431,164966
1000,1000,111,165180
1000,1000,685,165247
1000,1000,682,165292
1000,1000,777,165423
1000,1000,254,165522
1000,1000,233,165573
1000,1000,172,165622
1000,1000,198,165642
1000,1000,932,165773
1000,1000,43,165916
1000,1000,264,165908
1000,1000,805,166025
1000,1000,534,166166
1000,1000,140,166189
1000,1000,183,166302
1000,1000,506,166333
1000,1000,394,166429
1000,1000,481,166513
1000,1000,732,166661
1000,1000,497,166746
1000,1000,98,165958
1000,1000,830,165942
1000,1000,322,166017
1000,1000,206,166026
1000,1000,275,166160
1000,1000,266,166244
1000,1000,188,166310
1000,1000,258,166350
1000,1000,782,166543
1000,1000,391,166631
1000,1000,33,166682
1000,1000,779,166730
1000,1000,363,166839
1000,1000,102,166911
1000,1000,323,166892
1000,1000,587,166944
1000,1000,689,166985
10000,10,5284,35
1000,1000,945,168979
1000,1000,488,244018
1000,1000,607,243951
1000,1000,721,168803
1000,1000,458,243858
1000,1000,718,165931
1000,1000,470,165904
1000,1000,922,165908
1000,1000,425,165782
1000,1000,713,165783
1000,1000,225,165795
1000,1000,135,165715
1000,1000,377,166415
1000,1000,687,166352
1000,1000,495,166396
1000,1000,425,166366
1000,1000,708,243914
1000,1000,811,166379
1000,1000,908,166362
1000,1000,404,166335
1000,1000,588,166333
1000,1000,708,166289
1000,1000,112,166501
1000,1000,56,167027
1000,1000,926,244226
1000,1000,917,244325
1000,1000,386,244538
1000,1000,329,244526
1000,1000,789,243759
1000,1000,473,244066
1000,1000,134,244602
1000,1000,521,243962
1000,1000,105,243965
10000,10,5861,440
1000,1000,591,244735
1000,1000,563,243954
10000,10,608,312
10000,10,3012,285
10000,10,1511,254
1000,1000,22,244986
1000,1000,47,245342
1000,1000,245,245396
1000,1000,216,245475
1000,1000,449,245501
1000,1000,953,245553
1000,1000,874,246010
10000,10,1406,18
10000,10,1240,17
1000,1000,270,246720
1000,1000,692,246726
1000,1000,131,246947
1000,1000,151,246988
1000,1000,112,247070
1000,1000,570,247164
1000,1000,938,247302
1000,1000,327,247327
1000,1000,962,247413
1000,1000,462,247411
1000,1000,258,247401
1000,1000,987,247403
1000,1000,760,247573
1000,1000,757,247724
1000,1000,561,247821
1000,1000,865,247841
1000,1000,605,247903
1000,1000,710,247990
1000,1000,757,248075
1000,1000,83,248125
1000,1000,685,248256
1000,1000,318,248065
10000,10,5584,7889
10000,10,2508,376
10000,10,3758,3184
1000,1000,227,266949
1000,1000,443,267417
1000,1000,85,268185
1000,1000,514,268390
1000,1000,736,273576
1000,1000,506,273715
1000,1000,122,273918
1000,1000,529,274496
1000,1000,204,275535
1000,1000,138,284711
1000,1000,197,289146
1000,1000,454,289309
1000,1000,831,289446
1000,1000,968,289652
1000,1000,114,290329
1000,1000,870,288154
1000,1000,269,282927
1000,1000,292,282967
1000,1000,579,283189
1000,1000,265,283313
1000,1000,442,283468
1000,1000,851,283763
1000,1000,477,284688
1000,1000,226,284764
1000,1000,876,284148
1000,1000,597,284150
1000,1000,468,284250
1000,1000,541,284359
1000,1000,603,290438
1000,1000,309,291048
1000,1000,199,295041
1000,1000,873,295124
1000,1000,723,295466
1000,1000,162,293638
1000,1000,302,291683
1000,1000,202,288834
1000,1000,479,286981
1000,1000,26,287159
1000,1000,431,285649
1000,1000,611,282297
1000,1000,184,282457
1000,1000,891,282463
1000,1000,496,282465
1000,1000,319,282751
1000,1000,9,282804
1000,1000,850,282667
1000,1000,639,282972
1000,1000,20,283223
1000,1000,285,283489
1000,1000,690,283684
1000,1000,676,283099
1000,1000,744,282548
1000,1000,70,282525
1000,1000,113,282794
1000,1000,389,282881
1000,1000,950,283114
1000,1000,545,283224
1000,1000,32,283325
1000,1000,815,283380
1000,1000,242,283535
1000,1000,903,283619
1000,1000,428,283703
1000,1000,598,283816
1000,1000,488,284087
1000,1000,627,284067
1000,1000,428,284386
1000,1000,590,284503
1000,1000,596,284682
1000,1000,484,284767
1000,1000,296,284875
1000,1000,843,285017
1000,1000,470,284982
1000,1000,1000,285040
1000,1000,227,285161
1000,1000,462,285161
1000,1000,833,285363
1000,1000,157,285428
1000,1000,997,288301
1000,1000,32,288437
1000,1000,18,285664
1000,1000,23,285670
1000,1000,194,285592
1000,1000,499,285753
1000,1000,328,286872
1000,1000,923,286911
1000,1000,748,287132
1000,1000,570,287209
1000,1000,435,287411
1000,1000,565,287615
1000,1000,920,287774
1000,1000,435,287801
1000,1000,646,287843
1000,1000,734,288013
1000,1000,149,288244
1000,1000,879,288412
1000,1000,911,288478
1000,1000,596,288608
1000,1000,219,288531
1000,1000,862,288653
1000,1000,130,288783
1000,1000,645,288813
1000,1000,590,288902
1000,1000,746,289001
1000,1000,844,289029
1000,1000,366,289128
1000,1000,292,289264
1000,1000,648,289280
1000,1000,621,289304
1000,1000,36,289339
1000,1000,207,289245
1000,1000,427,289332
1000,1000,278,289495
10000,100,9047,38
10000,100,242,37
10000,100,6663,37
10000,100,1564,3028
10000,100,710,25
10000,100,240,3132
10000,100,650,33
10000,100,608,32
10000,100,38,92
10000,100,2225,63
10000,100,9057,3452
10000,100,8366,352011
10000,100,1961,333980
10000,100,7343,331100
10000,100,6566,331234
10000,100,9643,316636
10000,100,9729,331484
10000,100,6635,314245
10000,100,9446,303981
10000,100,1165,303945
10000,100,7530,303232
10000,100,4360,303382
10000,100,9072,303423
10000,100,3194,289749
10000,100,3133,286530
10000,100,4607,286494
10000,100,1984,286459
10000,100,372,269718
10000,100,6690,262794
10000,100,9961,251023
10000,100,384,243773
10000,100,1199,237124
10000,100,1267,228303
10000,100,5118,218376
10000,100,879,216509
10000,100,6097,211459
10000,100,8884,207627
10000,100,1268,206820
10000,100,6336,205846
10000,100,3752,190218
10000,100,6045,183888
10000,100,1244,183843
10000,100,5037,176224
10000,100,5676,171895
10000,100,8843,168008
10000,100,3467,161602
10000,100,627,157832
10000,100,1399,157243
10000,100,2468,154376
10000,100,7633,154300
10000,100,5539,151300
10000,100,8148,143783
10000,100,6610,137060
10000,100,5381,130411
10000,100,6991,122768
10000,100,2513,122760
10000,100,1820,103907
10000,100,4953,103941
10000,100,3992,93474
10000,100,2286,87432
10000,100,9989,87094
10000,100,6339,84253
10000,100,8293,72946
10000,100,8572,72971
10000,100,752,56426
10000,100,5861,56392
10000,100,3649,43647
10000,100,457,43577
10000,100,488,39598
10000,100,2586,35710
10000,100,5840,32111
10000,100,5137,31887
10000,100,3284,29818
10000,100,6508,25955
10000,100,3946,21932
10000,100,5039,21124
10000,100,685,18154
10000,100,6681,17197
10000,100,3085,16215
10000,100,8846,14322
10000,100,8872,14225
10000,100,2517,14213
10000,100,412,14191
10000,100,8629,14545
10000,100,4401,14477
10000,100,8626,14629
10000,100,1825,14536
10000,100,2384,14450
10000,100,2247,14444
10000,100,4734,14434
10000,100,2084,14449
10000,100,5915,14454
10000,100,9647,14443
10000,100,852,14432
10000,100,3787,14411
10000,100,3682,14526
10000,100,9248,287926
10000,100,9885,126985
10000,100,4379,116250
10000,100,9827,32116
10000,1000,3631,462
10000,1000,9152,2519
10000,1000,1062,1659
10000,1000,1930,24
10000,1000,4160,73
10000,1000,24,29
10000,1000,35,29
10000,1000,6931,115496
10000,1000,6841,115020
10000,1000,6879,114975
10000,1000,8288,115877
10000,1000,2813,115044
10000,1000,4135,115034
10000,1000,576,115012
10000,1000,6039,115057
10000,1000,5739,115102
10000,1000,9518,114102
10000,1000,8361,111826
10000,1000,8612,111837
10000,1000,3310,111803
10000,1000,7643,111686
10000,1000,2341,112194
10000,1000,6273,115121
10000,1000,1795,115188
10000,1000,2812,115911
10000,1000,6389,115903
10000,1000,8701,115945
10000,1000,9753,115897
10000,1000,5361,115898
10000,1000,5747,116033
10000,1000,4513,116036
10000,1000,8821,116110
10000,1000,3867,116148
10000,1000,9373,116216
10000,1000,1812,116172
10000,1000,2304,116288
10000,1000,5967,116292
10000,1000,8722,116331
10000,1000,6464,116310
10000,1000,2231,116264
10000,1000,2308,116253
10000,1000,1648,116337
10000,1000,7698,116300
10000,1000,2707,116308
10000,1000,3878,116378
10000,1000,8184,116406
10000,1000,3928,116380
10000,1000,1879,116389
10000,1000,2746,116444
10000,1000,1122,116491
10000,1000,5403,116482
10000,1000,6877,116473
10000,1000,8253,116475
10000,1000,8554,116537
10000,1000,5448,116697
10000,1000,3776,116712
10000,1000,9173,116785
10000,1000,6494,116749
10000,1000,6756,116850
10000,1000,5735,116921
10000,1000,9517,116894
10000,1000,698,116911
10000,1000,4078,116863
10000,1000,2100,116852
10000,1000,8994,116891
10000,1000,7750,116962
10000,1000,8688,116958
10000,1000,4539,116883
10000,1000,5804,116909
10000,1000,4549,116851
10000,1000,3986,117071
10000,1000,3576,117125
10000,1000,3366,117127
10000,1000,9294,117085
10000,1000,1248,117603
10000,1000,9405,117717
10000,1000,2200,117661
10000,1000,340,117627
10000,1000,6263,118980
10000,1000,2065,119009
10000,1000,2722,118950
10000,1000,366,118975
10000,1000,8598,118929
10000,1000,1694,118902
10000,1000,8501,118994
10000,1000,1771,119049
10000,1000,358,119040
10000,1000,438,119069
10000,1000,7895,119080
10000,1000,7550,119068
10000,1000,9792,119088
10000,1000,7057,118982
10000,1000,9879,119021
10000,1000,6321,119032
10000,1000,9906,118986
10000,1000,1029,118932
10000,1000,7962,118915
10000,1000,7139,118925
10000,1000,114,118868
10000,1000,9022,118914
10000,1000,9762,119049
10000,1000,7116,119110
10000,1000,6329,119113
10000,1000,5793,119134
10000,1000,8768,119196
10000,1000,2114,119130
10000,1000,9710,119038
10000,1000,6431,119112
10000,1000,6112,119178
10000,1000,1497,119112
10000,1000,8849,118263
10000,1000,8471,118296
10000,1000,3967,118240
10000,1000,3361,118023
10000,1000,1077,117996
10000,1000,7629,117921
10000,1000,5563,117967
10000,1000,7746,117977
10000,1000,7540,118088
10000,1000,4801,118025
10000,1000,650,117977
10000,1000,7834,117919
10000,1000,2067,117918
10000,1000,6030,117888
10000,1000,7470,117824
10000,1000,7433,117913
10000,1000,5377,117900
10000,1000,6098,117901
10000,1000,2514,117908
10000,1000,5810,117874
10000,1000,8331,117874
10000,1000,1893,117979
10000,1000,3960,117953
10000,1000,2677,117925
10000,1000,3704,117895
10000,1000,5202,117892
10000,1000,1786,117854
10000,1000,1393,117746
10000,1000,8963,117765
10000,1000,9700,117763
10000,1000,2504,117755
10000,1000,5779,117740
10000,1000,74,117708
10000,1000,5977,117683
10000,1000,6263,117613
10000,1000,9736,117633
10000,1000,7424,117594
10000,1000,1765,117569
10000,1000,8445,117636
10000,1000,6912,117650
10000,1000,8914,117664
10000,1000,5758,117630
10000,1000,7510,117619
10000,1000,5031,117580
10000,1000,3674,117573
10000,1000,1581,117646
10000,1000,1277,117608
10000,1000,7214,117584
10000,1000,1596,117614
10000,1000,2668,117621
10000,1000,6247,117585
10000,1000,6517,117557
10000,1000,3290,117552
10000,1000,8570,117599
10000,1000,9347,117604
10000,1000,272,117507
10000,1000,8477,117522
10000,1000,8023,117552
10000,1000,7266,117501
10000,1000,6043,117459
10000,1000,4064,117426
10000,1000,1102,117520
10000,1000,4390,117494
10000,1000,481,117566
10000,1000,2472,117536
10000,1000,4510,117512
10000,1000,9208,117445
10000,1000,1314,117405
10000,1000,9397,117308
10000,1000,7425,117371
10000,1000,2378,117331
10000,1000,6054,117266
10000,1000,2112,117243
10000,1000,4624,117247
10000,1000,1799,117229
10000,1000,9985,117137
10000,1000,9751,117185
10000,1000,3937,117196
10000,1000,3948,117168
10000,1000,8697,117157
10000,1000,8272,117134
10000,1000,314,117081
10000,1000,1159,117064
10000,1000,5986,116999
10000,1000,4528,116981
10000,1000,7980,116956
10000,1000,5622,117004
10000,1000,5778,117031
10000,1000,4055,117018
10000,1000,63,116991
10000,1000,1403,117035
10000,1000,5815,117074
10000,1000,3474,117036
10000,1000,5231,117010
10000,1000,5994,117007
10000,1000,6992,116946
10000,1000,7342,117011
10000,1000,8278,116975
10000,1000,455,116951
10000,1000,7842,116884
10000,1000,6060,116922
10000,1000,1016,116876
10000,1000,9421,116821
10000,1000,3520,116905
10000,1000,7016,116859
10000,1000,934,116799
10000,1000,3984,116761
10000,1000,3377,116775
10000,1000,6142,116745
10000,1000,513,116705
10000,1000,5200,116617
10000,1000,488,116605
10000,1000,5979,116524
10000,1000,1820,116468
10000,1000,3624,116444
10000,1000,8014,116400
10000,1000,2368,116341
10000,1000,7584,116274
10000,1000,3907,116331
10000,1000,7200,116280
10000,1000,641,116208
10000,1000,8415,116263
10000,1000,1219,116243
10000,1000,3568,116206
10000,1000,6844,116170
10000,1000,858,116134
10000,1000,6893,116220
10000,1000,3072,116192
10000,1000,8597,116133
10000,1000,3037,116200
10000,1000,6206,116217
10000,1000,5055,116147
10000,1000,9568,116137
10000,1000,6195,116158
10000,1000,1808,116184
10000,1000,7180,116166
10000,1000,6113,116145
10000,1000,358,116082
10000,1000,2313,116058
10000,1000,2635,116090
10000,1000,4656,116055
10000,1000,6009,116044
10000,1000,3180,115961
10000,1000,5554,116010
10000,1000,3397,116020
10000,1000,5159,115999
10000,1000,3384,115991
10000,1000,6053,116011
10000,1000,9753,115932
10000,1000,112,116347
10000,1000,5045,116340
10000,1000,7316,116291
10000,1000,6609,116314
10000,1000,429,116267
10000,1000,5148,116245
10000,1000,3135,116248
10000,1000,300,116167
10000,1000,9027,116176
10000,1000,5831,116121
10000,1000,2501,116170
10000,1000,8328,116070
10000,1000,6069,116076
10000,1000,8704,116084
10000,1000,2262,115914
10000,1000,4556,115898
10000,1000,7424,115901
10000,1000,1925,115800
10000,1000,498,115738
10000,1000,3720,115742
10000,1000,6258,115724
10000,1000,455,115608
10000,1000,4082,115581
10000,1000,1284,115963
10000,1000,7435,116497
10000,1000,8387,116410
10000,1000,4008,116517
10000,1000,608,116461
10000,1000,6087,116440
10000,1000,4248,116384
10000,1000,1735,116364
10000,1000,5786,116319
10000,1000,2017,116249
10000,1000,9303,116343
10000,1000,4029,116276
10000,1000,4706,116207
10000,1000,808,116194
10000,1000,8991,116155
10000,1000,6931,116112
10000,1000,6628,116036
10000,1000,3946,115986
10000,1000,7512,115986
10000,1000,8542,116006
10000,1000,4732,116021
10000,1000,1941,115970
10000,1000,7753,115902
10000,1000,8878,115849
10000,1000,9952,115864
10000,1000,6219,115791
10000,1000,9925,115820
10000,1000,9788,115870
10000,1000,703,115897
10000,1000,1440,115855
10000,1000,6457,115802
10000,1000,9103,115716
10000,1000,5948,115619
10000,1000,3942,115557
10000,1000,3516,115514
10000,1000,7359,115488
10000,1000,4215,115420
10000,1000,2456,115360
10000,1000,398,115351
10000,1000,8748,115281
10000,1000,1217,115230
10000,1000,2189,115113
10000,1000,1518,115090
10000,1000,8825,114879
10000,1000,1043,114892
10000,1000,5037,114853
10000,1000,6050,114874
10000,1000,9741,114897
10000,1000,1839,114909
10000,1000,6462,114864
10000,1000,4840,114790
10000,1000,7585,114712
10000,1000,5708,114790
10000,1000,8853,114731
10000,1000,3706,114750
10000,1000,4713,114622
10000,1000,9427,114712
10000,1000,6760,114655
10000,1000,9664,114697
10000,1000,93,114753
10000,1000,7231,114670
10000,1000,454,114582
10000,1000,1015,114565
10000,1000,3749,114503
10000,1000,8653,114428
10000,1000,1618,114507
10000,1000,873,114467
10000,1000,1233,114452
10000,1000,8497,114391
10000,1000,5599,114310
10000,1000,5228,114318
10000,1000,1149,114292
10000,1000,7859,114281
10000,1000,3128,114287
10000,1000,9874,114220
10000,1000,4301,114230
10000,1000,3747,114187
10000,1000,1439,114193
10000,1000,7868,114141
10000,1000,9478,114094
10000,1000,1533,114069
10000,1000,5572,113972
10000,1000,5395,113928
10000,1000,4038,113944
10000,1000,5578,113859
10000,1000,7569,113791
10000,1000,8309,113716
10000,1000,5402,113597
10000,1000,8764,113379
10000,1000,3271,113252
10000,1000,6612,113267
10000,1000,1750,113232
10000,1000,1371,113094
10000,1000,9654,113094
10000,1000,8258,113112
10000,1000,1419,113034
10000,1000,3199,112864
10000,1000,6142,112986
10000,1000,9314,112861
10000,1000,5226,112800
10000,1000,5641,112634
10000,1000,2605,112664
10000,1000,3520,112657
10000,1000,9425,112568
10000,1000,7899,112444
10000,1000,6221,112476
10000,1000,4756,112404
10000,1000,4963,112349
10000,1000,2881,112224
10000,1000,1854,112184
10000,1000,9572,112175
10000,1000,8944,112170
10000,1000,4922,112047
10000,1000,874,111966
10000,1000,7080,111883
10000,1000,8423,111781
10000,1000,4547,111665
10000,1000,8019,111664
10000,1000,9279,111521
10000,1000,861,111523
10000,1000,282,111548
10000,1000,1277,111537
10000,1000,4952,111436
10000,1000,1876,111391
10000,1000,9753,111356
10000,1000,8477,111334
10000,1000,754,111281
10000,1000,9970,111304
10000,1000,711,111195
10000,1000,4953,111146
10000,1000,6849,111022
10000,1000,835,110924
10000,1000,5383,110850
10000,1000,2729,110768
10000,1000,906,110640
10000,1000,1870,110655
10000,1000,7286,110655
10000,1000,6949,110540
10000,1000,7792,110447
10000,1000,1802,110345
10000,1000,1375,110267
10000,1000,3820,110138
10000,1000,7663,110026
10000,1000,7887,110106
10000,1000,7641,109992
10000,1000,5626,109965
10000,1000,5468,109832
10000,1000,92,109735
10000,1000,1440,109615
10000,1000,4319,109524
10000,1000,973,109449
10000,1000,4383,109363
10000,1000,2030,109336
10000,1000,2738,109315
10000,1000,1128,109208
10000,1000,7843,109412
10000,1000,3294,109139
10000,1000,8803,109144
10000,1000,6045,109049
10000,1000,4406,108838
10000,1000,3457,108811
10000,1000,2707,108733
10000,1000,6848,108592
10000,1000,7015,108528
10000,1000,4476,108472
10000,1000,5687,108340
10000,1000,5407,108271
10000,1000,265,108197
10000,1000,3652,108139
10000,1000,8605,108089
10000,1000,609,107979
10000,1000,4871,107904
10000,1000,7063,107955
10000,1000,773,107874
10000,1000,3277,107826
10000,1000,7158,107756
10000,1000,5666,107707
10000,1000,2711,107625
10000,1000,4904,107629
10000,1000,4600,107532
10000,1000,5938,107482
10000,1000,5427,107398
10000,1000,4084,107391
10000,1000,33,107266
10000,1000,5781,107185
10000,1000,9536,107151
10000,1000,3104,107102
10000,1000,2169,106992
10000,1000,8910,106937
10000,1000,7112,106709
10000,1000,1199,106575
10000,1000,80,106597
10000,1000,6803,106504
10000,1000,2047,106430
10000,1000,8231,106467
10000,1000,2655,106469
10000,1000,7961,106413
10000,1000,2805,106310
10000,1000,2410,106314
10000,1000,695,106260
10000,1000,4201,106187
10000,1000,3347,106098
10000,1000,5668,106021
10000,1000,5749,105990
10000,1000,3178,105924
10000,1000,3595,105883
10000,1000,3163,105764
10000,1000,1886,105651
10000,1000,2300,105577
10000,1000,7033,105488
10000,1000,919,105486
10000,1000,4306,105401
10000,1000,6495,105328
10000,1000,2085,105241
10000,1000,7197,105229
10000,1000,2265,105158
10000,1000,18,105130
10000,1000,1546,105058
10000,1000,2511,105085
10000,1000,9918,105028
10000,1000,1568,104748
10000,1000,7354,104647
10000,1000,1158,104606
10000,1000,2753,104587
10000,1000,2137,104553
10000,1000,9503,104485
10000,1000,1101,104390
10000,1000,4588,104302
10000,1000,3538,104283
10000,1000,6268,104074
10000,1000,8121,104084
10000,1000,4617,104035
10000,1000,2461,103942
10000,1000,8444,103847
10000,1000,2268,103759
10000,1000,9108,103722
10000,1000,9522,103584
10000,1000,8312,103787
10000,1000,3641,103583
10000,1000,913,103480
10000,1000,5724,103452
10000,1000,7710,103531
10000,1000,573,103400
10000,1000,591,103402
10000,1000,3820,103358
10000,1000,4124,103303
10000,1000,2835,103564
10000,1000,2434,103552
10000,1000,7366,103437
10000,1000,1007,103315
10000,1000,5362,103178
10000,1000,6566,103088
10000,1000,2955,102939
10000,1000,1025,102917
10000,1000,877,102856
10000,1000,4656,103059
10000,1000,5516,103020
10000,1000,209,102946
10000,1000,9723,102849
10000,1000,4683,102827
10000,1000,7344,102868
10000,1000,5844,102796
10000,1000,4188,102667
10000,1000,8854,102528
10000,1000,1094,102457
10000,1000,3639,102434
10000,1000,1891,102336
10000,1000,9114,102232
10000,1000,8020,102160
10000,1000,6190,102109
10000,1000,6198,102109
10000,1000,2084,102037
10000,1000,4214,102042
10000,1000,3348,101968
10000,1000,6294,101877
10000,1000,925,101774
10000,1000,3108,101720
10000,1000,8474,101656
10000,1000,80,101510
10000,1000,5081,101455
10000,1000,5464,101425
10000,1000,2106,101348
10000,1000,6068,101256
10000,1000,5053,101135
10000,1000,8271,101043
10000,1000,1237,101002
10000,1000,6348,100940
10000,1000,9367,100823
10000,1000,6649,100635
10000,1000,5712,100403
10000,1000,3369,100324
10000,1000,6493,100262
10000,1000,3166,100232
10000,1000,7829,100170
10000,1000,6734,100085
10000,1000,5633,99525
10000,1000,4993,99469
10000,1000,4339,99310
10000,1000,7168,99249
10000,1000,5008,99202
10000,1000,7736,99143
10000,1000,2572,98976
10000,1000,4844,98947
10000,1000,5615,98778
10000,1000,7118,98530
10000,1000,3854,98490
10000,1000,8806,98416
10000,1000,8515,98390
10000,1000,7036,98263
10000,1000,7461,98227
10000,1000,535,98141
10000,1000,1149,98053
10000,1000,7284,98002
10000,1000,1596,97993
10000,1000,1961,97907
10000,1000,4336,97792
10000,1000,7946,97697
10000,1000,225,97568
10000,1000,6245,97467
10000,1000,935,97384
10000,1000,7567,97361
10000,1000,5235,97269
10000,1000,1515,97151
10000,1000,8500,97114
10000,1000,2936,97024
10000,1000,5163,96951
10000,1000,2785,96894
10000,1000,3472,96829
10000,1000,7198,96772
10000,1000,4228,96716
10000,1000,8969,96652
10000,1000,6359,96585
10000,1000,2446,96526
10000,1000,8455,96480
10000,1000,7051,96388
10000,1000,1256,96396
10000,1000,516,96326
10000,1000,3560,96284
10000,1000,3567,96236
10000,1000,2177,96145
10000,1000,5427,95999
10000,1000,2373,95865
10000,1000,2143,95766
10000,1000,7132,95644
10000,1000,1528,95546
10000,1000,8639,95467
10000,1000,214,95407
10000,1000,514,95366
10000,1000,1485,95274
10000,1000,8376,95238
10000,1000,898,95166
10000,1000,7080,95101
10000,1000,8118,94982
10000,1000,3933,94720
10000,1000,704,94652
10000,1000,9387,94574
10000,1000,2281,94536
10000,1000,5465,94456
10000,1000,6499,94390
10000,1000,1166,94329
10000,1000,3645,94210
10000,1000,6329,94252
10000,1000,5940,94255
10000,1000,4615,94149
10000,1000,133,94139
10000,1000,3123,94077
10000,1000,2500,94087
10000,1000,2357,93988
10000,1000,1289,93962
10000,1000,269,93870
10000,1000,4024,93806
10000,1000,6505,93728
10000,1000,4312,93756
10000,1000,6030,93736
10000,1000,7999,93700
10000,1000,4071,93642
10000,1000,8613,93563
10000,1000,1277,93527
10000,1000,9373,93447
10000,1000,8670,93380
10000,1000,6038,93367
10000,1000,4604,93277
10000,1000,9761,93190
10000,1000,7114,93159
10000,1000,7833,93088
10000,1000,6520,93027
10000,1000,1871,92983
10000,1000,2957,92899
10000,1000,6389,92875
10000,1000,2902,92793
10000,1000,1475,92743
10000,1000,6353,92695
10000,1000,6786,92627
10000,1000,312,92609
10000,1000,966,92545
10000,1000,4655,92454
10000,1000,9974,92368
10000,1000,125,92308
10000,1000,4137,92215
10000,1000,730,92168
10000,1000,1948,92088
10000,1000,9905,92011
10000,1000,5378,91995
10000,1000,708,91951
10000,1000,3365,91910
10000,1000,1196,91829
10000,1000,8445,91753
10000,1000,2901,91589
10000,1000,1419,91552
10000,1000,7337,91485
10000,1000,8139,91454
10000,1000,6177,91371
10000,1000,856,91280
10000,1000,6589,91237
10000,1000,9919,91179
10000,1000,3797,91076
10000,1000,7328,91071
10000,1000,313,90969
10000,1000,9713,90889
10000,1000,4483,90172
10000,1000,5534,90087
10000,1000,4427,89994
10000,1000,7542,89470
10000,1000,3537,89346
10000,1000,8626,89234
10000,1000,7162,88981
10000,1000,7601,88902
10000,1000,2546,88750
10000,1000,1162,88659
10000,1000,6714,88557
10000,1000,8424,88526
10000,1000,5145,88437
10000,1000,3710,88392
10000,1000,8719,88347
10000,1000,703,88093
10000,1000,751,88033
10000,1000,6942,87883
10000,1000,9792,87813
10000,1000,6351,87618
10000,1000,1669,87481
10000,1000,7938,87335
10000,1000,5168,87218
10000,1000,2317,87169
10000,1000,2689,87054
10000,1000,9964,85260
10000,1000,4305,85182
10000,1000,4795,85098
10000,1000,9748,85032
10000,1000,1357,84990
10000,1000,7328,83955
10000,1000,2640,83838
10000,1000,7831,83771
10000,1000,5934,77436
10000,1000,6772,76663
10000,1000,6432,76634
10000,1000,2441,76588
10000,1000,5416,76609
10000,1000,9353,76625
10000,1000,8406,76553
10000,1000,1074,76467
10000,1000,4008,76427
10000,1000,1409,76433
10000,1000,7087,76380
10000,1000,2679,76317
10000,1000,1717,76231
10000,1000,1435,76113
10000,1000,1583,76066
10000,1000,6458,75988
10000,1000,3487,75902
10000,1000,817,75793
10000,1000,7613,75732
10000,1000,7621,75635
10000,1000,3786,75476
10000,1000,9329,75464
10000,1000,3526,75432
10000,1000,392,75366
10000,1000,8371,75320
10000,1000,1432,75266
10000,1000,2190,75211
10000,1000,7672,75150
10000,1000,1403,75038
10000,1000,5155,75021
10000,1000,80,74992
10000,1000,5000,74915
10000,1000,5537,74887
10000,1000,962,74830
10000,1000,5180,74716
10000,1000,575,74631
10000,1000,2742,74566
10000,1000,5916,74512
10000,1000,8767,74500
10000,1000,6049,74458
10000,1000,4078,74441
10000,1000,8190,74382
10000,1000,8072,74331
10000,1000,6045,74149
10000,1000,44,74099
10000,1000,2672,74056
10000,1000,7679,74010
10000,1000,5527,73932
10000,1000,8287,73941
10000,1000,894,73895
10000,1000,9550,73880
10000,1000,1640,73847
10000,1000,377,73822
10000,1000,4148,73793
10000,1000,1780,73777
10000,1000,9628,73746
10000,1000,541,73728
10000,1000,5902,73717
10000,1000,6833,73691
10000,1000,4842,73668
10000,1000,8560,73666
10000,1000,7427,73637
10000,1000,1103,73624
10000,1000,1721,73564
10000,1000,5794,73546
10000,1000,2200,73518
10000,1000,8953,73491
10000,1000,8630,73457
10000,1000,1340,73416
10000,1000,5410,73373
10000,1000,7652,73366
10000,1000,1560,73316
10000,1000,2341,73285
10000,1000,4331,73284
10000,1000,501,73256
10000,1000,597,73188
10000,1000,6361,73143
10000,1000,5732,73111
10000,1000,5515,73043
10000,1000,7493,73055
10000,1000,4421,73018
10000,1000,5622,73014
10000,1000,694,72963
10000,1000,6902,72973
10000,1000,5453,72963
10000,1000,148,72895
10000,1000,8377,72826
10000,1000,1932,72830
10000,1000,9654,72786
10000,1000,3563,72799
10000,1000,8002,72760
10000,1000,4211,72769
10000,1000,7238,72743
10000,1000,4987,72705
10000,1000,1669,72683
10000,1000,2276,72658
10000,1000,8717,72628
10000,1000,9069,72623
10000,1000,8960,72605
10000,1000,5965,72555
10000,1000,1201,72540
10000,1000,3293,73013
10000,1000,6825,73077
10000,1000,7878,73104
10000,1000,3554,73085
10000,1000,389,73066
10000,1000,1405,73044
10000,1000,9756,73132
10000,1000,9002,73115
10000,1000,216,73131
10000,1000,8742,73700
10000,1000,2862,73939
10000,1000,6055,74032
10000,1000,3323,73847
10000,1000,480,73937
10000,1000,1541,73883
10000,1000,1431,73808
10000,1000,1517,73769
100000,10,18919,28
100000,10,27580,18
100000,10,43106,17
100000,10,13702,22
100000,10,1208,15
100000,10,5100,14
100000,10,41051,11
100000,10,21391,13
100000,10,50367,261
100000,10,57231,290
100000,100,47810,34
100000,100,8356,12
100000,100,24302,101
100000,100,74780,58
100000,100,36216,22
100000,100,1872,26
100000,100,5908,17
100000,100,53050,18353
100000,100,9957,18267
100000,100,16490,18262
100000,100,73045,18229
100000,100,73960,15885
100000,100,42452,14933
100000,100,8619,14884
100000,100,63182,10071
100000,100,6885,10041
100000,100,78003,10002
100000,100,7592,9918
100000,100,84194,9887
100000,100,60365,9793
100000,100,42280,9699
100000,100,44801,8529
100000,100,69618,8542
100000,100,46520,8411
100000,100,47137,7829
100000,100,58032,5945
100000,100,86324,5882
100000,100,69775,5795
100000,100,85251,5732
100000,100,50478,5646
100000,100,39426,5610
100000,100,96287,5601
100000,100,28763,5631
100000,100,28458,5607
100000,100,72055,5593
100000,100,31423,5591
100000,100,43100,5590
100000,100,58156,5574
100000,100,91923,5528
100000,100,20619,5970
100000,100,43524,5975
100000,100,81472,7789
100000,100,14911,7785
100000,100,60137,8311
100000,100,15932,8296
100000,100,77757,8298
100000,100,41801,8311
100000,100,73089,8320
100000,100,3459,8329
100000,100,4380,8346
100000,100,48086,8365
100000,100,17706,8349
100000,100,37177,8319
100000,100,29262,8262
100000,100,5569,8263
100000,100,41158,8304
100000,100,73847,8261
100000,100,31077,8224
100000,100,53456,8221
100000,100,22834,8179
100000,100,3405,8155
100000,100,81891,8104
100000,100,13442,7973
100000,100,13329,7942
100000,100,52541,7907
100000,100,77607,7896
100000,100,54232,7957
100000,100,96480,7956
100000,100,70182,7984
100000,100,75551,7971
100000,100,47192,7979
100000,100,76565,7950
100000,100,1790,7946
100000,100,87346,7875
100000,100,88199,7880
100000,100,96425,7846
100000,100,81334,7813
100000,100,61642,7729
100000,100,70332,7750
100000,100,8844,7702
100000,100,23962,7654
100000,100,82976,7598
100000,100,57214,7618
100000,100,71640,7570
100000,100,16282,7546
100000,100,45627,7510
100000,100,65749,7484
100000,100,41501,7478
100000,100,85422,7446
100000,100,53922,7455
100000,100,61634,7495
100000,100,76341,7491
100000,100,66056,7487
100000,100,2379,7448
100000,100,18767,7434
100000,100,73521,9866
100000,100,94857,9868
100000,100,98970,9881
100000,100,62235,8878
100000,100,50800,8741
100000,1000,58376,47
100000,1000,59660,27
100000,1000,49700,32
100000,1000,8699,27
100000,1000,14945,16
100000,1000,2085,18
100000,1000,4305,13
100000,1000,1200,11
100000,1000,249,13
100000,1000,182,31
100000,1000,43,27
100000,1000,104,27
100000,1000,394,28
100000,1000,40995,39
100000,1000,78332,277051
100000,1000,87143,274009
100000,1000,33341,273647
100000,1000,74940,272418
100000,1000,89586,271802
100000,1000,55534,271894
100000,1000,91116,264677
100000,1000,8885,264503
100000,1000,44872,264386
100000,1000,23463,263765
100000,1000,81252,263755
100000,1000,58713,263783
100000,1000,61545,263758
100000,1000,76820,263744
100000,1000,29035,263442
100000,1000,60173,263515
100000,1000,20431,263265
100000,1000,86232,263238
100000,1000,45215,263229
100000,1000,31074,262020
100000,1000,98357,262013
100000,1000,20834,261973
100000,1000,21553,261989
100000,1000,12657,261953
100000,1000,38035,261927
100000,1000,68658,261931
100000,1000,39850,261966
100000,1000,33718,261859
100000,1000,59247,261778
100000,1000,94881,261699
100000,1000,73014,261737
100000,1000,16781,261717
100000,1000,46254,261686
100000,1000,51518,261672
100000,1000,47747,261669
100000,1000,38605,261639
100000,1000,70666,261633
100000,1000,7397,261647
100000,1000,10525,261604
100000,1000,80859,261594
100000,1000,66008,261603
100000,1000,55495,261622
100000,1000,85217,261620
100000,1000,41283,261606
100000,1000,45981,261604
100000,1000,78019,261571
100000,1000,54473,261771
100000,1000,7563,261734
100000,1000,59995,261701
100000,1000,64612,261733
100000,1000,4961,261707
100000,1000,78096,261704
100000,1000,64052,261700
100000,1000,31237,261727
100000,1000,99757,261687
100000,1000,86378,261671
100000,1000,39718,261688
100000,1000,18729,261638
100000,1000,36505,261711
100000,1000,43242,261748
100000,1000,34683,261765
100000,1000,42775,261752
100000,1000,98605,261752
100000,1000,15386,261757
100000,1000,3196,261790
100000,1000,89587,261759
100000,1000,3029,261721
100000,1000,74358,261775
100000,1000,75668,261815
100000,1000,45590,261801
100000,1000,66332,261780
100000,1000,66762,261672
100000,1000,72666,261660
100000,1000,58571,261611
100000,1000,20675,261546
100000,1000,72471,261525
100000,1000,22655,261555
100000,1000,5847,261517
100000,1000,31490,261479
100000,1000,70169,261433
100000,1000,6501,261518
100000,1000,22288,261467
100000,1000,6451,261465
100000,1000,90397,261431
100000,1000,30639,261355
100000,1000,33515,261353
100000,1000,78582,261417
100000,1000,67913,261408
100000,1000,12654,261335
100000,1000,9817,261318
100000,1000,28179,261366
100000,1000,21972,261317
100000,1000,41154,261299
100000,1000,88887,261324
100000,1000,50144,261320
100000,1000,32684,261282
100000,1000,94183,261267
100000,1000,35173,261355
100000,1000,83227,261346
100000,1000,61939,261318
100000,1000,98918,261226
100000,1000,64261,261218
100000,1000,71281,261249
100000,1000,1175,261189
100000,1000,26563,261134
100000,1000,89991,261130
100000,1000,29045,261244
100000,1000,78099,261179
100000,1000,90234,261166
100000,1000,2593,261084
100000,1000,12193,261012
100000,1000,39695,260980
100000,1000,66994,260973
100000,1000,46273,261040
100000,1000,64663,260957
100000,1000,61748,260931
100000,1000,60731,261003
100000,1000,63025,260940
100000,1000,90333,260922
100000,1000,82112,260939
100000,1000,61243,260901
100000,1000,30331,260891
100000,1000,48833,260893
100000,1000,46365,260864
100000,1000,23908,260877
100000,1000,94585,260875
100000,1000,22761,260844
100000,1000,53582,260846
100000,1000,23840,260911
100000,1000,52003,260918
100000,1000,70649,260888
100000,1000,18926,260866
100000,1000,86385,260849
100000,1000,37777,260832
100000,1000,52225,260629
100000,1000,14545,260453
100000,1000,12225,260401
100000,1000,64263,260321
100000,1000,14138,260260
100000,1000,47267,260247
100000,1000,91377,260179
100000,1000,67307,260091
100000,1000,84174,260080
100000,1000,64002,260025
100000,1000,73266,259955
100000,1000,94204,259927
100000,1000,3268,259876
100000,1000,8321,259794
100000,1000,19916,259736
100000,1000,20541,259681
100000,1000,94656,259712
100000,1000,94354,259664
100000,1000,25136,259580
100000,1000,61668,259613
100000,1000,12799,259542
100000,1000,88717,259502
100000,1000,42006,259453
100000,1000,1498,259440
100000,1000,69284,259365
100000,1000,99252,259289
100000,1000,25399,259362
100000,1000,5126,259337
100000,1000,43793,259284
100000,1000,6090,259248
100000,1000,15737,259222
100000,1000,20343,259139
100000,1000,35115,259109
100000,1000,91305,259098
100000,1000,8486,259090
100000,1000,1120,259057
100000,1000,75711,259014
100000,1000,18611,258952
100000,1000,78263,258881
100000,1000,67455,258834
100000,1000,64050,258853
100000,1000,20029,258813
100000,1000,86125,258716
100000,1000,48206,258746
100000,1000,98723,258739
100000,1000,16427,258697
100000,1000,42625,258694
100000,1000,66305,258614
100000,1000,21096,258652
100000,1000,81131,258628
100000,1000,13049,258612
100000,1000,50489,258456
100000,1000,87742,258438
100000,1000,57376,258488
100000,1000,81398,258400
100000,1000,40297,258352
100000,1000,33878,258397
100000,1000,83303,258360
100000,1000,5123,258182
100000,1000,52234,258209
100000,1000,71769,258146
100000,1000,31299,258091
100000,1000,31688,258041
100000,1000,37892,257996
100000,1000,22306,257971
100000,1000,94482,257978
100000,1000,1598,257902
100000,1000,45261,257859
100000,1000,55413,257768
100000,1000,75011,257792
100000,1000,75149,257763
100000,1000,47379,257758
100000,1000,50895,257728
100000,1000,28543,257631
100000,1000,14310,257713
100000,1000,76161,257632
100000,1000,52407,257558
100000,1000,3193,257508
100000,1000,23738,257440
100000,1000,49966,257392
100000,1000,53854,257370
100000,1000,5874,257383
100000,1000,41039,257339
100000,1000,17260,257322
100000,1000,2612,257220
100000,1000,37825,257225
100000,1000,64261,257207
100000,1000,47544,257116
100000,1000,69888,257011
100000,1000,15949,256970
100000,1000,13242,256944
100000,1000,35682,256871
100000,1000,34120,256870
100000,1000,84535,256855
100000,1000,62887,256810
100000,1000,31408,256740
100000,1000,85936,256549
100000,1000,96722,256571
100000,1000,73873,256522
100000,1000,14802,256512
100000,1000,34080,256451
100000,1000,50613,256398
100000,1000,17230,256349
100000,1000,69501,256408
100000,1000,35764,256326
100000,1000,23219,256353
100000,1000,28750,256428
100000,1000,55732,256362
100000,1000,93642,256414
100000,1000,61667,256420
100000,1000,94353,256385
100000,1000,13701,256454
100000,1000,41675,256431
100000,1000,78477,256364
100000,1000,56881,256389
100000,1000,78911,256329
100000,1000,24735,256246
100000,1000,50968,256245
100000,1000,98226,256176
100000,1000,85652,256222
100000,1000,84767,256146
100000,1000,38404,256125
100000,1000,19420,256152
100000,1000,85711,256095
100000,1000,9777,255965
100000,1000,12415,255929
100000,1000,84030,255861
100000,1000,27648,255782
100000,1000,22134,255606
100000,1000,74426,255563
100000,1000,27339,255553
100000,1000,10777,255537
100000,1000,42983,255495
100000,1000,77921,255413
100000,1000,89390,255399
100000,1000,73312,255345
100000,1000,7577,255335
100000,1000,87297,255258
100000,1000,41463,255186
100000,1000,42043,255180
100000,1000,51607,255137
100000,1000,54249,255164
100000,1000,42579,255151
100000,1000,45800,255081
100000,1000,86656,255122
100000,1000,78753,254982
100000,1000,71311,254980
100000,1000,76046,254979
100000,1000,37229,254929
100000,1000,80612,254878
100000,1000,12428,254822
100000,1000,40540,254759
100000,1000,1897,254659
100000,1000,1236,254595
100000,1000,19694,254567
100000,1000,87261,254537
100000,1000,74399,254457
100000,1000,11280,254437
100000,1000,53897,254299
100000,1000,15398,254244
100000,1000,52470,254178
100000,1000,82590,254113
100000,1000,51354,254042
100000,1000,72031,254026
100000,1000,47082,254006
100000,1000,22003,253981
100000,1000,16660,253917
100000,1000,47921,253848
100000,1000,5321,253818
100000,1000,65545,253716
100000,1000,25029,253676
100000,1000,1647,253501
100000,1000,75231,253390
100000,1000,35436,253313
100000,1000,97855,253102
100000,1000,72658,253064
100000,1000,37943,252997
100000,1000,4525,252994
100000,1000,16630,252917
100000,1000,79298,252840
100000,1000,33341,252866
100000,1000,22774,252814
100000,1000,53996,252751
100000,1000,99092,252730
100000,1000,24524,252757
100000,1000,47414,252737
100000,1000,88035,252674
100000,1000,37778,252503
100000,1000,81756,252460
100000,1000,15475,252383
100000,1000,66195,252293
100000,1000,88934,252249
100000,1000,39066,252237
100000,1000,54757,252159
100000,1000,60473,252050
100000,1000,49119,252009
100000,1000,79264,251876
100000,1000,19880,251831
100000,1000,57612,251855
100000,1000,2058,251869
100000,1000,49495,251779
100000,1000,38106,251635
100000,1000,16865,251537
100000,1000,59178,251444
100000,1000,67488,251380
100000,1000,82784,251391
100000,1000,35793,251318
100000,1000,38266,251175
100000,1000,92160,251165
100000,1000,58177,251081
100000,1000,47269,251064
100000,1000,74570,251033
100000,1000,3378,250924
100000,1000,5400,250850
100000,1000,89652,250812
100000,1000,19100,250715
100000,1000,21239,250722
100000,1000,16722,250257
100000,1000,23258,250218
100000,1000,30273,250173
100000,1000,14710,250056
100000,1000,67545,249994
100000,1000,20525,249964
100000,1000,58880,249914
100000,1000,82825,249871
100000,1000,45460,249815
100000,1000,51335,249677
100000,1000,69843,249644
100000,1000,34479,249629
100000,1000,56295,249512
100000,1000,41444,249447
100000,1000,27514,249407
100000,1000,8560,249327
100000,1000,47566,249230
100000,1000,617,249183
100000,1000,73355,249129
100000,1000,54200,249082
100000,1000,43340,249021
100000,1000,10607,248936
100000,1000,75074,248888
100000,1000,38812,248906
100000,1000,46832,248780
100000,1000,51011,248716
100000,1000,79427,248625
100000,1000,86789,248637
100000,1000,40424,248525
100000,1000,52975,248392
100000,1000,44443,248250
100000,1000,57904,248159
100000,1000,11590,248004
100000,1000,83441,247948
100000,1000,40300,247873
100000,1000,38838,247792
100000,1000,41594,247768
100000,1000,64181,246510
100000,1000,31181,246409
100000,1000,27987,246357
100000,1000,99127,246299
100000,1000,76036,246224
100000,1000,30607,246152
100000,1000,58143,246119
100000,1000,8630,246033
100000,1000,25500,245943
100000,1000,64019,243709
100000,1000,35197,243648
100000,1000,55450,242941
100000,1000,91685,239858
100000,1000,87322,239168
100000,1000,99818,237222
100000,1000,68740,237205
100000,1000,72143,237101
100000,1000,9250,235370
100000,1000,37438,232637
100000,1000,33303,232571
100000,1000,23350,232559
100000,1000,93481,232563
100000,1000,27971,232544
100000,1000,1830,232372
100000,1000,59675,232325
100000,1000,41089,232302
100000,1000,65980,232256
100000,1000,28259,232219
100000,1000,74768,232178
100000,1000,21239,232162
100000,1000,50278,232091
100000,1000,54248,232090
100000,1000,76145,232060
100000,1000,73458,232064
100000,1000,77908,232076
100000,1000,94238,232026
100000,1000,8764,232008
100000,1000,96013,231985
100000,1000,66845,231952
100000,1000,88901,232049
100000,1000,64612,232012
100000,1000,1002,232044
100000,1000,48947,232007
100000,1000,20976,231971
100000,1000,46885,231992
100000,1000,78780,231946
100000,1000,6786,232013
100000,1000,21086,231941
100000,1000,79195,231991
100000,1000,59044,232000
100000,1000,94537,232109
100000,1000,72625,232059
100000,1000,54234,231989
100000,1000,14320,231919
100000,1000,75136,231886
100000,1000,12041,231902
100000,1000,88275,231873
100000,1000,82407,231907
100000,1000,73697,231887
100000,1000,21284,231782
100000,1000,85809,231798
100000,1000,59294,231769
100000,1000,27721,231687
100000,1000,50901,231742
100000,1000,79456,231729
100000,1000,12977,231699
100000,1000,1085,231641
100000,1000,78348,231621
100000,1000,43191,231685
100000,1000,5473,231636
100000,1000,15422,231619
100000,1000,23812,231549
100000,1000,76230,231476
100000,1000,42903,231445
100000,1000,21952,231428
100000,1000,15529,231359
100000,1000,71932,231349
100000,1000,90492,231336
100000,1000,13621,231348
100000,1000,20325,231333
100000,1000,49965,231323
100000,1000,14667,231323
100000,1000,72911,231278
100000,1000,69943,231235
100000,1000,9084,231174
100000,1000,27974,231068
100000,1000,91580,231067
100000,1000,31949,231024
100000,1000,38609,231018
100000,1000,95817,230958
100000,1000,75346,230965
100000,1000,62149,230932
100000,1000,67631,230903
100000,1000,52213,230873
100000,1000,9168,230951
100000,1000,89841,230930
100000,1000,33091,230959
100000,1000,36160,230927
100000,1000,54280,230982
100000,1000,81732,231007
100000,1000,89515,231008
100000,1000,90123,231026
100000,1000,1048,230525
100000,1000,56434,230486
100000,1000,94613,230461
100000,1000,36088,230420
100000,1000,22066,230376
100000,1000,19529,230337
100000,1000,97964,230298
100000,1000,65302,230308
100000,1000,33071,230252
100000,1000,97311,230230
100000,1000,17224,230049
100000,1000,42817,229986
100000,1000,33894,229980
100000,1000,67775,229963
100000,1000,53518,229928
100000,1000,23178,229914
100000,1000,13030,229882
100000,1000,70583,229841
100000,1000,35538,229768
100000,1000,18684,229732
100000,1000,43605,229583
100000,1000,25880,228870
100000,1000,42473,228866
100000,1000,11905,228818
100000,1000,69782,228730
100000,1000,3848,228642
100000,1000,39586,228631
100000,1000,3599,228599
100000,1000,82409,228553
100000,1000,48741,228534
100000,1000,11141,228461
100000,1000,38756,228441
100000,1000,97093,228378
100000,1000,34213,228326
100000,1000,4477,228184
100000,1000,87163,226147
100000,1000,17071,225295
100000,1000,80055,225234
100000,1000,32148,225159
100000,1000,91181,225021
100000,1000,76132,224896
100000,1000,46085,224801
100000,1000,80041,224809
100000,1000,16832,224747
100000,1000,35564,224670
100000,1000,35319,224598
100000,1000,4309,224481
100000,1000,59926,223728
100000,1000,45909,223658
100000,1000,16458,222801
100000,1000,44687,222615
100000,1000,63069,222598
100000,1000,61831,222536
100000,1000,13792,222448
100000,1000,79582,222407
100000,1000,48433,222390
100000,1000,77885,222366
100000,1000,8700,222290
100000,1000,11786,222227
100000,1000,31210,222131
100000,1000,44998,218173
100000,1000,25229,218062
100000,1000,11064,217950
100000,1000,20405,217880
100000,1000,22718,217796
100000,1000,46638,217731
100000,1000,46677,217653
100000,1000,62904,217640
100000,1000,31388,217564
100000,1000,11217,217551
100000,1000,44196,217439
100000,1000,73767,217406
100000,1000,37577,217335
100000,1000,53105,217356
100000,1000,86717,217293
100000,1000,81450,217271
100000,1000,84793,217230
100000,1000,79916,217209
100000,1000,66446,217151
100000,1000,63786,217113
100000,1000,39023,217078
100000,1000,85395,217068
100000,1000,13314,217053
100000,1000,4218,217012
100000,1000,53187,216974
100000,1000,44249,216915
100000,1000,38219,216908
100000,1000,51815,216869
100000,1000,20710,216547
100000,1000,42582,215608
100000,1000,34576,215497
100000,1000,21366,215441
100000,1000,29367,211624
100000,1000,33453,211480
100000,1000,28587,211408
100000,1000,6494,211237
100000,1000,94736,209904
100000,1000,88625,207108
100000,1000,62722,207079
100000,1000,39373,206195
100000,1000,29362,204255
100000,1000,82720,203247
100000,1000,7121,202341
100000,1000,39172,200056
100000,1000,72738,199948
100000,1000,76672,199863
100000,1000,75549,199764
100000,1000,69668,199594
100000,1000,40383,198691
100000,1000,21921,196585
100000,1000,28568,196531
100000,1000,73381,196465
100000,1000,2623,196499
100000,1000,54423,196476
100000,1000,13416,196346
100000,1000,1818,196309
100000,1000,33193,196273
100000,1000,1023,196239
100000,1000,3265,196117
100000,1000,82847,196123
100000,1000,38457,196076
100000,1000,26938,196054
100000,1000,28827,195998
100000,1000,40577,196000
100000,1000,49593,195954
100000,1000,44394,195951
100000,1000,76993,195958
100000,1000,21058,195912
100000,1000,6424,195903
100000,1000,9935,195883
100000,1000,58109,195840
100000,1000,75566,195855
100000,1000,30768,195832
100000,1000,99012,195824
100000,1000,78972,195684
100000,1000,13954,195673
100000,1000,61346,195666
100000,1000,72792,195648
100000,1000,77208,195577
100000,1000,64857,195485
100000,1000,75677,195474
100000,1000,92778,195480
100000,1000,48748,195486
100000,1000,37373,195434
100000,1000,54835,195448
100000,1000,71599,195409
100000,1000,48240,195461
100000,1000,14179,195436
100000,1000,65723,195375
100000,1000,42457,195388
100000,1000,77883,195361
100000,1000,97517,195339
100000,1000,3619,195208
100000,1000,45089,195176
100000,1000,82314,194069
100000,1000,24722,194046
100000,1000,65602,194002
100000,1000,42717,193990
100000,1000,24617,193962
100000,1000,3991,193933
100000,1000,81786,193877
100000,1000,60942,193834
100000,1000,3240,193819
100000,1000,76946,193754
100000,1000,40338,193713
100000,1000,95152,193628
100000,1000,72914,193536
100000,1000,76009,193487
100000,1000,1505,193412
100000,1000,35844,193381
100000,1000,67904,193359
100000,1000,40291,193339
100000,1000,31494,193295
100000,1000,83920,193272
100000,1000,83183,193256
100000,1000,77307,193234
100000,1000,14796,193235
100000,1000,70991,193198
100000,1000,52189,193196
100000,1000,85868,193178
100000,1000,72001,193160
100000,1000,93251,193151
100000,1000,10851,193062
100000,1000,10646,193020
100000,1000,71535,192993
100000,1000,35873,192951
100000,1000,35070,192929
100000,1000,31215,192951
100000,1000,56095,192935
100000,1000,84854,192914
100000,1000,97820,192868
100000,1000,6577,192792
100000,1000,33871,192693
100000,1000,35663,192700
100000,1000,25761,192660
100000,1000,86402,192613
100000,1000,74427,192603
100000,1000,99745,192598
100000,1000,38603,192508
100000,1000,54547,192478
100000,1000,37794,192438
100000,1000,40802,192428
100000,1000,14891,192399
100000,1000,18014,192380
100000,1000,73031,192254
100000,1000,14340,192231
100000,1000,1016,192239
100000,1000,50656,192214
100000,1000,57474,192185
100000,1000,49436,192179
100000,1000,87763,192167
100000,1000,85581,192132
100000,1000,72013,192095
100000,1000,6470,192069
100000,1000,96926,192012
100000,1000,87766,191938
100000,1000,3948,191917
100000,1000,60880,191838
100000,1000,68529,191764
100000,1000,67357,191762
100000,1000,98579,191710
100000,1000,2728,191664
100000,1000,92641,191601
100000,1000,67783,191381
100000,1000,92363,191358
100000,1000,37758,191302
100000,1000,75763,191239
100000,1000,8032,191163
100000,1000,63468,191142
100000,1000,38559,191073
100000,1000,41540,191037
100000,1000,92223,190989
100000,1000,46964,190913
100000,1000,98236,190884
100000,1000,3270,190812
100000,1000,59550,190766
100000,1000,99946,190697
100000,1000,80473,190620
100000,1000,43954,190564
100000,1000,68931,190539
100000,1000,32755,190444
100000,1000,26442,190393
100000,1000,37193,190292
100000,1000,90060,190277
100000,1000,18344,190246
100000,1000,99424,190203
100000,1000,32208,190115
100000,1000,50835,190010
100000,1000,17821,190040
100000,1000,10438,190038
100000,1000,52061,189984
100000,1000,29731,189997
100000,1000,62576,189907
100000,1000,62813,189857
100000,1000,87879,189836
100000,1000,27725,189797
