M,N,chunksToPut,accessTime
1000,10,595,29283
1000,10,516,27232
1000,10,978,51300
1000,10,12,51326
1000,10,253,52323
1000,10,956,52647
1000,10,222,53226
1000,10,4,53737
1000,10,723,54096
1000,10,622,54928
1000,100,383,60
1000,100,368,39
1000,100,433,47
1000,100,663,175
1000,100,613,15496
1000,100,663,16055
1000,100,714,16399
1000,100,592,16698
1000,100,177,16972
1000,100,50,17299
1000,100,874,17377
1000,100,93,17916
1000,100,229,18008
1000,100,998,18492
1000,100,590,19070
1000,100,991,19377
1000,100,600,19802
1000,100,135,19824
1000,100,928,19638
1000,100,556,19750
1000,100,920,20046
1000,100,919,20191
1000,100,183,20317
1000,100,547,20564
1000,100,522,20318
1000,100,839,20402
1000,100,761,20518
1000,100,980,20674
1000,100,633,20741
1000,100,419,20844
1000,100,692,20855
1000,100,540,20896
1000,100,279,20978
1000,100,267,20987
1000,100,320,21018
1000,100,900,21432
1000,100,657,21702
1000,100,335,21777
1000,100,958,21717
1000,100,18,12155
1000,100,646,12155
1000,100,465,12196
1000,100,791,12283
1000,100,640,12591
1000,100,439,12542
1000,100,167,12688
1000,100,693,12712
1000,100,56,12795
1000,100,936,12837
1000,100,733,12950
1000,100,292,13117
1000,100,922,13460
1000,100,384,13424
1000,100,843,13663
1000,100,811,14346
1000,100,645,15185
1000,100,640,15671
1000,100,855,16742
1000,100,882,17629
1000,100,976,18127
1000,100,497,18158
1000,100,543,18414
1000,100,39,18499
1000,100,436,18634
1000,100,177,18740
1000,100,623,19156
1000,100,223,19451
1000,100,145,19550
1000,100,406,20071
1000,100,257,20212
1000,100,195,20726
1000,100,872,20932
1000,100,168,21158
1000,100,386,21365
1000,100,711,21457
1000,100,693,21586
1000,100,382,21777
1000,100,474,22099
1000,100,357,22271
1000,100,235,22664
1000,100,310,22770
1000,100,756,22813
1000,100,493,22855
1000,100,531,22918
1000,100,990,22908
1000,100,32,22862
1000,100,154,22779
1000,100,294,22981
1000,100,520,14034
1000,100,110,30
1000,100,294,54
1000,100,450,39
1000,100,268,31
1000,100,290,100
1000,100,704,91
1000,100,723,24
1000,100,498,68
1000,100,249,31
1000,100,42,176
1000,100,698,26
1000,1000,88,164
1000,1000,883,32
1000,1000,869,73
1000,1000,582,85173
1000,1000,723,85516
1000,1000,33,85695
1000,1000,454,86202
1000,1000,390,85654
1000,1000,182,86624
1000,1000,335,86792
1000,1000,558,86916
1000,1000,843,87079
1000,1000,627,87313
1000,1000,632,87522
1000,1000,558,87647
1000,1000,882,87806
1000,1000,259,87999
1000,1000,905,88038
1000,1000,798,88163
1000,1000,540,88292
1000,1000,979,88510
1000,1000,965,88647
1000,1000,493,88820
1000,1000,440,88882
1000,1000,804,89144
1000,1000,910,89512
1000,1000,441,89202
1000,1000,852,89206
1000,1000,397,89950
1000,1000,471,90152
1000,1000,821,90020
1000,1000,989,90154
1000,1000,140,90334
1000,1000,597,89776
1000,1000,202,89911
1000,1000,388,89909
1000,1000,98,89923
1000,1000,875,90002
1000,1000,315,86606
1000,1000,36,86852
1000,1000,78,86893
1000,1000,263,86913
1000,1000,183,45614
1000,1000,371,160
1000,1000,35,305
1000,1000,735,45330
1000,1000,619,45010
1000,1000,38,45071
1000,1000,735,18
1000,1000,573,43537
1000,1000,885,901
1000,1000,269,44032
1000,1000,593,44179
1000,1000,291,44227
1000,1000,460,44244
1000,1000,139,25
1000,1000,4,44354
1000,1000,875,44157
1000,1000,914,813
1000,1000,793,806
1000,1000,410,44410
1000,1000,357,15
1000,1000,780,44479
1000,1000,85,44438
1000,1000,17,44415
1000,1000,41,1033
1000,1000,189,44653
1000,1000,74,97
1000,1000,495,45409
1000,1000,831,45665
1000,1000,724,46224
1000,1000,746,46279
1000,1000,795,166
1000,1000,163,47292
1000,1000,122,47734
1000,1000,365,47867
1000,1000,434,47796
1000,1000,485,4018
1000,1000,883,47828
1000,1000,363,47832
1000,1000,116,47843
1000,1000,321,47912
1000,1000,536,48044
1000,1000,595,48102
1000,1000,767,2671
1000,1000,123,48281
1000,1000,265,48467
1000,1000,765,48495
1000,1000,283,48858
1000,1000,350,48967
1000,1000,369,49142
1000,1000,104,49240
1000,1000,495,49258
1000,1000,535,49324
1000,1000,422,49329
1000,1000,210,49287
1000,1000,895,49480
1000,1000,313,49888
1000,1000,316,49998
1000,1000,535,50149
1000,1000,329,50184
1000,1000,617,50196
1000,1000,710,50170
1000,1000,856,50161
1000,1000,723,50172
1000,1000,332,50240
1000,1000,98,50210
1000,1000,161,50205
1000,1000,217,50150
1000,1000,321,46757
1000,1000,260,46750
1000,1000,552,46750
1000,1000,300,46712
1000,1000,508,46690
1000,1000,142,46672
1000,1000,817,45662
1000,1000,676,45675
1000,1000,456,45731
1000,1000,368,45710
1000,1000,145,45735
1000,1000,668,45720
1000,1000,689,45752
1000,1000,316,45838
1000,1000,840,45900
1000,1000,537,46444
1000,1000,985,46852
1000,1000,74,47180
1000,1000,88,47181
1000,1000,508,47166
1000,1000,871,47135
1000,1000,929,47450
1000,1000,107,47692
1000,1000,74,47702
1000,1000,886,47703
1000,1000,807,47704
1000,1000,170,47705
1000,1000,982,47676
1000,1000,85,47706
1000,1000,535,47679
1000,1000,208,47741
1000,1000,366,47713
1000,1000,329,47681
1000,1000,973,47679
1000,1000,318,47707
1000,1000,434,47754
1000,1000,165,47755
1000,1000,954,47768
1000,1000,127,47938
1000,1000,36,48062
1000,1000,620,48290
1000,1000,20,48477
1000,1000,380,48506
1000,1000,569,48504
1000,1000,50,48694
1000,1000,447,48701
1000,1000,328,48685
1000,1000,460,48754
1000,1000,434,48781
1000,1000,507,48812
1000,1000,160,48805
1000,1000,759,48730
1000,1000,362,48765
1000,1000,232,48756
1000,1000,238,48718
1000,1000,95,48747
1000,1000,288,48712
1000,1000,962,48692
1000,1000,966,48742
1000,1000,998,48769
1000,1000,223,48774
1000,1000,349,48785
1000,1000,662,48791
1000,1000,292,48698
1000,1000,136,48658
1000,1000,178,48628
1000,1000,138,48597
1000,1000,1000,48506
1000,1000,850,47719
1000,1000,175,47721
1000,1000,843,47690
1000,1000,664,47704
1000,1000,196,47729
1000,1000,640,47709
1000,1000,877,46764
1000,1000,316,46743
1000,1000,711,47039
1000,1000,758,46581
1000,1000,580,46803
1000,1000,887,46796
1000,1000,626,46773
1000,1000,261,46640
1000,1000,65,46584
1000,1000,689,46592
1000,1000,446,46205
1000,1000,981,46194
1000,1000,753,46221
1000,1000,177,46178
1000,1000,792,46217
1000,1000,696,46159
1000,1000,162,46181
1000,1000,699,42650
1000,1000,103,42510
1000,1000,876,42534
1000,1000,838,42582
1000,1000,945,42647
1000,1000,800,42618
1000,1000,297,42695
1000,1000,612,42645
1000,1000,195,42885
1000,1000,219,42909
1000,1000,343,42938
1000,1000,725,43031
1000,1000,303,43083
1000,1000,754,43109
1000,1000,332,43163
1000,1000,945,43177
1000,1000,639,43256
1000,1000,977,43313
1000,1000,639,43378
1000,1000,854,43390
1000,1000,845,43488
1000,1000,307,43499
1000,1000,287,43455
1000,1000,221,43522
1000,1000,225,43491
1000,1000,976,43547
1000,1000,926,43589
1000,1000,617,43630
1000,1000,221,43670
1000,1000,904,43695
1000,1000,339,43776
1000,1000,981,43767
1000,1000,498,43916
1000,1000,531,43956
1000,1000,180,43975
1000,1000,173,44039
1000,1000,196,44052
1000,1000,869,44070
1000,1000,509,44089
1000,1000,948,44161
1000,1000,351,44235
1000,1000,188,44274
1000,1000,302,44216
1000,1000,340,44234
1000,1000,850,44348
1000,1000,50,44345
1000,1000,304,44339
1000,1000,933,44315
1000,1000,18,44330
1000,1000,289,44255
1000,1000,861,44208
1000,1000,673,44228
1000,1000,234,44237
1000,1000,283,44317
1000,1000,355,44290
1000,1000,559,44351
1000,1000,1,44371
1000,1000,518,44388
1000,1000,716,44418
1000,1000,233,44466
1000,1000,366,44481
1000,1000,868,44498
1000,1000,239,44591
1000,1000,311,44576
1000,1000,709,44568
1000,1000,334,44665
1000,1000,240,44662
1000,1000,17,44714
1000,1000,415,44698
1000,1000,261,44752
1000,1000,915,44868
1000,1000,839,44901
1000,1000,579,44911
1000,1000,372,44934
1000,1000,277,44888
1000,1000,938,44923
1000,1000,548,44898
1000,1000,385,44909
1000,1000,594,44840
1000,1000,901,44843
1000,1000,127,44857
1000,1000,858,44830
1000,1000,314,44836
1000,1000,490,44846
1000,1000,735,44857
1000,1000,10,44944
1000,1000,580,44965
1000,1000,355,44992
1000,1000,581,44969
1000,1000,314,44988
1000,1000,217,44952
1000,1000,366,45131
1000,1000,269,45231
1000,1000,393,45501
1000,1000,97,45574
1000,1000,619,45791
1000,1000,409,46006
1000,1000,780,46208
1000,1000,888,46561
1000,1000,123,46644
1000,1000,319,46586
1000,1000,480,46664
1000,1000,51,46657
1000,1000,974,46665
1000,1000,789,46651
1000,1000,907,46644
1000,1000,658,46675
1000,1000,343,46687
1000,1000,606,46625
1000,1000,835,46620
1000,1000,775,46629
1000,1000,614,46402
1000,1000,788,46420
1000,1000,450,46400
1000,1000,499,46368
1000,1000,944,46390
1000,1000,329,46397
1000,1000,514,46370
1000,1000,848,46396
1000,1000,99,46422
1000,1000,292,46392
1000,1000,606,46353
1000,1000,294,46368
1000,1000,998,46336
1000,1000,238,46367
1000,1000,233,46345
1000,1000,699,46321
1000,1000,104,46315
1000,1000,2,46280
1000,1000,727,162
1000,1000,136,18
1000,1000,474,16
1000,1000,462,13
1000,1000,880,13
1000,1000,995,13
1000,1000,926,13
1000,1000,416,14
1000,1000,249,14
1000,1000,325,13
1000,1000,74,13
1000,1000,476,14
1000,1000,695,13
1000,1000,956,14
1000,1000,687,13
1000,1000,152,67
1000,1000,906,14
1000,1000,817,13
1000,1000,388,16
1000,1000,223,18
1000,1000,756,15
1000,1000,704,14
1000,1000,140,14
1000,1000,396,14
1000,1000,722,13
1000,1000,570,17
1000,1000,155,21
1000,1000,763,15
1000,1000,623,14
1000,1000,264,19
1000,1000,90,18
1000,1000,888,15
1000,1000,29,38
1000,1000,374,14
1000,1000,96,15
1000,1000,572,23
1000,1000,82,16
1000,1000,120,25
1000,1000,595,15
1000,1000,967,14
1000,1000,463,14
1000,1000,364,13
1000,1000,450,16
1000,1000,91,26
1000,1000,287,15
1000,1000,43,16
1000,1000,739,15
1000,1000,231,14
1000,1000,877,15
1000,1000,201,15
1000,1000,109,31
1000,1000,161,19
1000,1000,805,14
1000,1000,379,14
1000,1000,377,15
1000,1000,773,12
1000,1000,906,15
1000,1000,992,170
1000,1000,670,253
1000,1000,942,317
1000,1000,402,13
1000,1000,355,227
1000,1000,145,14
1000,1000,663,13
1000,1000,997,15
1000,1000,399,31
1000,1000,761,15
1000,1000,737,16
1000,1000,315,16
1000,1000,875,13
1000,1000,280,15
1000,1000,606,13
1000,1000,214,18
1000,1000,63,99
1000,1000,950,13
1000,1000,355,12
1000,1000,392,21
1000,1000,321,12
1000,1000,548,13
1000,1000,98,17
1000,1000,718,14
1000,1000,311,32
1000,1000,259,16
1000,1000,952,13
1000,1000,398,21
1000,1000,355,19
1000,1000,232,15
1000,1000,103,11
1000,1000,194,14
1000,1000,163,13
1000,1000,740,15
1000,1000,560,14
1000,1000,810,20
1000,1000,329,19
1000,1000,2,19
1000,1000,453,15
1000,1000,762,35
1000,1000,731,55
1000,1000,161,14
1000,1000,691,15
1000,1000,757,21
1000,1000,238,17
1000,1000,318,17
1000,1000,724,19
1000,1000,425,13
1000,1000,246,15
1000,1000,857,22
1000,1000,208,15
1000,1000,704,16
1000,1000,37,15
1000,1000,733,13
1000,1000,616,27
1000,1000,1000,64
1000,1000,860,15
1000,1000,694,13
1000,1000,74,13
1000,1000,616,14
1000,1000,212,13
1000,1000,474,14
1000,1000,523,12
1000,1000,439,29
1000,1000,359,16
1000,1000,795,13
1000,1000,287,13
1000,1000,476,16
1000,1000,148,65
1000,1000,326,19
1000,1000,95,13
1000,1000,978,13
1000,1000,378,12
1000,1000,567,23
1000,1000,322,25
1000,1000,277,18
1000,1000,541,13
1000,1000,160,17
1000,1000,778,17
1000,1000,189,21
1000,1000,569,14
1000,1000,951,15
1000,1000,844,21
1000,1000,69,14
1000,1000,602,13
1000,1000,611,15
1000,1000,224,14
1000,1000,609,13
1000,1000,153,12
1000,1000,855,13
1000,1000,120,13
1000,1000,21,16
1000,1000,507,13
1000,1000,438,12
1000,1000,965,15
1000,1000,932,13
1000,1000,718,14
1000,1000,19,13
1000,1000,389,12
10000,10,7548,124
10000,10,8672,12
10000,10,2854,14
10000,10,9194,59
10000,10,7667,115
10000,10,618,66
10000,10,3046,51
10000,10,6281,59
10000,10,5799,11
10000,10,3932,43
10000,100,2787,106
10000,100,3842,60
10000,100,7788,20
10000,100,8155,4901
10000,100,6807,5399
10000,100,8427,110
10000,100,3990,5452
10000,100,9112,5255
10000,100,5060,5201
10000,100,7679,5150
10000,100,4802,5363
10000,100,372,5294
10000,100,9989,5235
10000,100,5961,5229
10000,100,3267,4807
10000,100,8519,4771
10000,100,2810,4764
10000,100,6290,4707
10000,100,1008,2753
10000,100,3426,2705
10000,100,7589,15
10000,100,2689,12
10000,100,910,12
10000,100,1665,16
10000,100,6467,62
10000,100,8651,60
10000,100,8830,115
10000,100,2945,84
10000,100,3804,37
10000,100,6164,34
10000,100,6137,30
10000,100,5366,16
10000,100,7430,86
10000,100,9429,466
10000,100,6557,70
10000,100,2373,98
10000,100,2516,91
10000,100,7565,60
10000,100,4141,295
10000,100,1362,61
10000,100,3810,60
10000,100,3829,59
10000,100,5984,59
10000,100,4464,62
10000,100,7446,59
10000,100,3382,61
10000,100,1671,59
10000,100,2943,62
10000,100,3256,59
10000,100,7960,59
10000,100,5979,59
10000,100,1154,59
10000,100,2064,59
10000,100,758,59
10000,100,4454,62
10000,100,8811,58
10000,100,5421,60
10000,100,3434,59
10000,100,6938,24
10000,100,6873,52
10000,100,1684,15
10000,100,6557,60
10000,100,4674,60
10000,100,1849,59
10000,100,5271,59
10000,100,9624,60
10000,100,1110,62
10000,100,9675,59
10000,100,3182,75
10000,100,7469,59
10000,100,811,170
10000,100,8527,16
10000,100,1237,59
10000,100,1934,60
10000,100,741,59
10000,100,9958,66
10000,100,2071,59
10000,100,1834,59
10000,100,2911,59
10000,100,7261,59
10000,100,4888,60
10000,100,1095,21
10000,100,5162,69
10000,100,3465,61
10000,100,3319,61
10000,100,6592,79
10000,100,8102,62
10000,100,351,60
10000,100,5663,73
10000,100,9899,59
10000,100,3068,59
10000,100,8842,16
10000,100,7195,58
10000,100,39,14
10000,100,3195,59
10000,100,8694,73
10000,1000,2100,2214
10000,1000,1338,64
10000,1000,8961,18
10000,1000,3784,20
10000,1000,543,11
10000,1000,3681,11384
10000,1000,7525,17
10000,1000,6709,22
10000,1000,7091,12
10000,1000,6240,16
10000,1000,5201,16
10000,1000,3516,17
10000,1000,4344,17
10000,1000,4602,16
10000,1000,3847,265
10000,1000,3497,89
10000,1000,1182,18
10000,1000,7977,15
10000,1000,8346,11
10000,1000,4842,11
10000,1000,9423,11
10000,1000,1335,77
10000,1000,4117,14
10000,1000,8099,58
10000,1000,7691,101
10000,1000,3166,58
10000,1000,2515,72
10000,1000,6982,14
10000,1000,9376,12
10000,1000,1792,64
10000,1000,1293,14
10000,1000,1688,12
10000,1000,8474,24
10000,1000,2161,12
10000,1000,6409,45
10000,1000,4417,13
10000,1000,4188,61
10000,1000,131,15
10000,1000,5449,37
10000,1000,3799,56
10000,1000,5760,60
10000,1000,3764,44
10000,1000,4411,5397
10000,1000,4131,5964
10000,1000,5931,6023
10000,1000,9379,13711
10000,1000,2079,13688
10000,1000,4779,13697
10000,1000,7046,13890
10000,1000,8914,13929
10000,1000,4795,13939
10000,1000,6663,16501
10000,1000,2750,18147
10000,1000,3039,18593
10000,1000,3371,18228
10000,1000,909,17128
10000,1000,3317,17068
10000,1000,260,17087
10000,1000,8685,16106
10000,1000,8993,16097
10000,1000,3548,16086
10000,1000,7579,13
10000,1000,3357,25
10000,1000,2415,19
10000,1000,7119,12
10000,1000,3168,11
10000,1000,3155,11
10000,1000,7257,33
10000,1000,7813,19
10000,1000,141,21
10000,1000,7,25
10000,1000,3242,12
10000,1000,189,11
10000,1000,9299,12
10000,1000,5111,15
10000,1000,2642,13
10000,1000,8627,11
10000,1000,9441,12
10000,1000,6766,14
10000,1000,5354,11
10000,1000,9424,14
10000,1000,1607,42
10000,1000,1754,65
10000,1000,7341,59
10000,1000,687,18
10000,1000,2634,85
10000,1000,1546,74
10000,1000,7041,58
10000,1000,7218,57
10000,1000,4068,58
10000,1000,7653,58
10000,1000,8299,37
10000,1000,7768,13
10000,1000,4545,16
10000,1000,9500,14
10000,1000,5438,11
10000,1000,8822,11
10000,1000,3163,12
10000,1000,2188,15
10000,1000,4140,11
10000,1000,2690,18
10000,1000,3995,13
10000,1000,8519,15
10000,1000,8893,12
10000,1000,8237,30
10000,1000,7613,11
10000,1000,3786,29
10000,1000,1624,12
10000,1000,8168,12
10000,1000,9100,11
10000,1000,4908,16
10000,1000,8812,11
10000,1000,1678,21
10000,1000,6354,15
10000,1000,9855,24
10000,1000,4570,11
10000,1000,854,23
10000,1000,9535,13
10000,1000,6989,22
10000,1000,8374,12
10000,1000,2587,48
10000,1000,3346,11
10000,1000,1568,14
10000,1000,7689,13
10000,1000,9393,31
10000,1000,1795,15
10000,1000,2097,11
10000,1000,4058,12
10000,1000,6716,25
10000,1000,2970,12
10000,1000,6941,11
10000,1000,9723,14
10000,1000,4781,35
10000,1000,5831,11
10000,1000,8868,12
10000,1000,6236,17
10000,1000,2748,11
10000,1000,8025,12
10000,1000,3619,13
10000,1000,4128,12
10000,1000,4718,14
10000,1000,5096,12
10000,1000,8319,19
10000,1000,8041,11
10000,1000,5097,12
10000,1000,7932,15
10000,1000,3369,17
10000,1000,2744,15
10000,1000,8470,12
10000,1000,3501,12
10000,1000,487,14
10000,1000,1201,11
10000,1000,6156,12
10000,1000,9427,13
10000,1000,2957,36
10000,1000,3040,13
10000,1000,5734,11
10000,1000,7460,12
10000,1000,9111,15
10000,1000,2007,11
10000,1000,5893,12
10000,1000,9858,11
10000,1000,1681,24
10000,1000,3136,14
10000,1000,9835,12
10000,1000,9938,11
10000,1000,8855,10
10000,1000,9103,16
10000,1000,3312,11
10000,1000,9254,21
10000,1000,4680,13
10000,1000,2797,12
10000,1000,578,15
10000,1000,4854,12
10000,1000,3883,12
10000,1000,6826,13
10000,1000,7655,12
10000,1000,5291,12
10000,1000,6895,13
10000,1000,7316,15
10000,1000,5839,12
10000,1000,4066,13
10000,1000,8737,12
10000,1000,6091,28
10000,1000,3742,14
10000,1000,4148,28
10000,1000,8398,11
10000,1000,9394,13
10000,1000,4010,13
10000,1000,2278,28
10000,1000,2210,15
10000,1000,1631,60
10000,1000,137,22
10000,1000,2102,63
10000,1000,9200,21
10000,1000,5842,58
10000,1000,7649,57
10000,1000,4484,58
10000,1000,5537,63
10000,1000,9273,68
10000,1000,8473,57
10000,1000,1395,22
10000,1000,4370,27
10000,1000,2556,85
10000,1000,6066,59
10000,1000,563,60
10000,1000,9556,65
10000,1000,5872,61
10000,1000,6971,59
10000,1000,7017,73
10000,1000,8678,36
10000,1000,1782,59
10000,1000,7221,93
10000,1000,8104,125
10000,1000,7014,41
10000,1000,3756,59
10000,1000,3245,119
10000,1000,7328,93
10000,1000,2071,48
10000,1000,2161,58
10000,1000,6536,12
10000,1000,1902,11
10000,1000,5598,12
10000,1000,1445,18
10000,1000,6764,23
10000,1000,2236,7
10000,1000,2123,17
10000,1000,8051,93
10000,1000,2890,70
10000,1000,8924,67
10000,1000,7841,65
10000,1000,4339,60
10000,1000,6210,71
10000,1000,1999,60
10000,1000,9249,14
10000,1000,8758,84
10000,1000,8362,13
10000,1000,9045,45
10000,1000,2354,24
10000,1000,1407,13
10000,1000,6386,44
10000,1000,7425,13
10000,1000,6313,12
10000,1000,3652,39
10000,1000,948,29
10000,1000,6596,13
10000,1000,8795,10
10000,1000,328,13
10000,1000,8596,6
10000,1000,6727,11
10000,1000,6848,6
10000,1000,6029,12
10000,1000,2397,39
10000,1000,3689,95
10000,1000,5434,33
10000,1000,5828,53
10000,1000,4406,10
10000,1000,6654,6
10000,1000,3640,12
10000,1000,4083,8
10000,1000,4455,12
10000,1000,55,13
10000,1000,5401,13
10000,1000,1680,71
10000,1000,5239,13
10000,1000,2345,6
10000,1000,6539,13
10000,1000,4251,9
10000,1000,900,11
10000,1000,7656,8
10000,1000,8728,35
10000,1000,1244,44
10000,1000,137,16
10000,1000,8260,11
10000,1000,6458,12
10000,1000,4690,6
10000,1000,3020,38
10000,1000,1408,47
10000,1000,6020,43
10000,1000,5816,44
10000,1000,6339,38
10000,1000,8507,38
10000,1000,7470,35
10000,1000,6373,47
10000,1000,6366,58
10000,1000,2493,57
10000,1000,8470,57
10000,1000,9673,58
10000,1000,4773,57
10000,1000,6770,58
10000,1000,4481,38
10000,1000,3967,45
10000,1000,8324,35
10000,1000,8371,43
10000,1000,5846,13
10000,1000,288,8
10000,1000,1634,11
10000,1000,9981,8
10000,1000,7409,34
10000,1000,7807,30
10000,1000,3260,44
10000,1000,4442,13
10000,1000,8461,64
10000,1000,4938,72
10000,1000,1478,64
10000,1000,1175,66
10000,1000,3472,59
10000,1000,8839,58
10000,1000,4150,58
10000,1000,4064,881
10000,1000,4750,16
10000,1000,94,49
10000,1000,384,38
10000,1000,2285,91
10000,1000,9497,34
10000,1000,994,12
10000,1000,1851,8
10000,1000,9350,36
10000,1000,6101,49
10000,1000,3877,11
10000,1000,683,6
10000,1000,2718,12
10000,1000,3177,7
10000,1000,521,11
10000,1000,4401,10
10000,1000,9730,13
10000,1000,4488,6
10000,1000,8081,12
10000,1000,2383,12
10000,1000,9843,13
10000,1000,9994,153
10000,1000,8754,30
10000,1000,3425,14
10000,1000,8866,6
10000,1000,5246,30
10000,1000,7184,45
10000,1000,5258,17
10000,1000,8777,9
10000,1000,7334,12
10000,1000,2317,15
10000,1000,8409,70
10000,1000,7322,12
10000,1000,9621,10
10000,1000,3930,13
10000,1000,890,10
10000,1000,7334,12
10000,1000,1909,13
10000,1000,7755,10
10000,1000,2695,12
10000,1000,4325,18
10000,1000,6004,11
10000,1000,4530,25
10000,1000,9584,11
10000,1000,4950,12
10000,1000,1873,11
10000,1000,5428,13
10000,1000,6984,14
10000,1000,5683,11
10000,1000,8429,17
10000,1000,8754,10
10000,1000,9729,13
10000,1000,4063,23
10000,1000,7325,13
10000,1000,7111,10
10000,1000,1739,11
10000,1000,4709,12
10000,1000,3356,11
10000,1000,1007,15
10000,1000,7138,11
10000,1000,3553,53
10000,1000,6771,13
10000,1000,636,8
10000,1000,7709,11
10000,1000,9983,12
10000,1000,9770,13
10000,1000,7060,30
10000,1000,1536,14
10000,1000,28,18
10000,1000,3539,13
10000,1000,5497,15
10000,1000,8782,51
10000,1000,9470,13
10000,1000,1333,17
10000,1000,682,11
10000,1000,9044,14
10000,1000,7849,27
10000,1000,8347,14
10000,1000,3587,17
10000,1000,7688,12
10000,1000,5951,13
10000,1000,5703,12
10000,1000,5910,16
10000,1000,6508,13
10000,1000,2316,12
10000,1000,1135,13
10000,1000,1810,12
10000,1000,9332,42
10000,1000,4845,25
10000,1000,4156,16
10000,1000,1349,13
10000,1000,4629,12
10000,1000,1645,13
10000,1000,7328,12
10000,1000,2329,52
10000,1000,9497,13
10000,1000,1768,13
10000,1000,3125,13
10000,1000,916,16
10000,1000,9656,129
10000,1000,5636,18
10000,1000,2266,169
10000,1000,4964,17
10000,1000,6750,12
10000,1000,385,14
10000,1000,2070,30
10000,1000,7768,13
10000,1000,9055,16
10000,1000,9641,17
10000,1000,7191,12
10000,1000,8925,11
10000,1000,346,14
10000,1000,73,12
10000,1000,870,11
10000,1000,3200,11
10000,1000,604,11
10000,1000,1788,14
10000,1000,3968,11
10000,1000,218,11
10000,1000,4807,64
10000,1000,622,11
10000,1000,9588,14
10000,1000,1287,14
10000,1000,2804,10
10000,1000,7635,14
10000,1000,6107,11
10000,1000,6931,13
10000,1000,231,11
10000,1000,7672,11
10000,1000,1538,28
10000,1000,7551,13
10000,1000,3097,11
10000,1000,1772,14
10000,1000,5453,20
10000,1000,4318,15
10000,1000,2607,14
10000,1000,12,27
10000,1000,6455,13
10000,1000,9690,199
10000,1000,9795,129
10000,1000,4494,231
10000,1000,8526,29
10000,1000,9525,26
10000,1000,234,17
10000,1000,5367,14
10000,1000,9580,9
10000,1000,9675,13
10000,1000,1279,16
10000,1000,3303,13
10000,1000,5530,13
10000,1000,9809,11
10000,1000,6993,13
10000,1000,3530,25
10000,1000,7625,16
10000,1000,6680,12
10000,1000,1115,25
10000,1000,8109,20
10000,1000,3151,79
10000,1000,3454,13
10000,1000,6269,15
10000,1000,245,13
10000,1000,5736,13
10000,1000,4805,14
10000,1000,933,246
10000,1000,3326,28
10000,1000,2126,14
10000,1000,4067,15
10000,1000,339,13
10000,1000,7368,71
10000,1000,205,104
10000,1000,7129,11
10000,1000,3463,22
10000,1000,2323,23
10000,1000,9179,13
10000,1000,471,14
10000,1000,6471,12
10000,1000,833,58
10000,1000,4941,14
10000,1000,31,15
10000,1000,5556,14
10000,1000,2602,14
10000,1000,4800,13
10000,1000,5029,24
10000,1000,3495,12
10000,1000,6701,14
10000,1000,6439,56
10000,1000,1874,18
10000,1000,3356,12
10000,1000,4435,15
10000,1000,8264,185
10000,1000,4779,14
10000,1000,2308,14
10000,1000,1975,17
10000,1000,8178,29
10000,1000,7665,22
10000,1000,3944,28
10000,1000,2447,12
10000,1000,1478,18
10000,1000,2524,13
10000,1000,8173,59
10000,1000,9579,9
10000,1000,1415,80
10000,1000,9472,58
10000,1000,1936,31
10000,1000,7250,42
10000,1000,8345,14
10000,1000,3949,10
10000,1000,7255,14
10000,1000,2705,12
10000,1000,8052,13
10000,1000,2365,13
10000,1000,4538,14
10000,1000,4961,13
10000,1000,6910,14
10000,1000,6626,13
10000,1000,2428,13
10000,1000,5929,13
10000,1000,8456,15
10000,1000,1003,14
10000,1000,6081,13
10000,1000,1544,31
10000,1000,2113,40
10000,1000,6825,37
10000,1000,7891,10
10000,1000,4011,13
10000,1000,4232,14
10000,1000,6347,32
10000,1000,8601,21
10000,1000,9061,42
10000,1000,4253,24
10000,1000,5674,60
10000,1000,7490,13
10000,1000,4879,58
10000,1000,6348,13
10000,1000,7786,26
10000,1000,2994,14
10000,1000,6827,57
10000,1000,8132,132
10000,1000,2368,13
10000,1000,672,13
10000,1000,7048,12
10000,1000,8624,22
100000,10,53652,103
100000,10,32759,59
100000,10,97190,59
100000,10,51887,56
100000,10,90932,56
100000,10,24306,56
100000,10,5854,56
100000,10,83448,54
100000,10,25314,52
100000,100,17398,58471
100000,100,91317,56705
100000,100,91880,56809
100000,100,74061,67831
100000,100,51961,67886
100000,100,4584,67078
100000,100,15932,67125
100000,100,3979,66272
100000,100,52869,66304
100000,100,14740,65482
100000,100,12336,65545
100000,100,54411,64583
100000,100,7893,64640
100000,100,34282,62915
100000,100,50394,62946
100000,100,19367,61252
100000,100,14782,61291
100000,100,4043,60510
100000,100,65993,16784
100000,100,64513,16764
100000,100,60683,16676
100000,100,58673,16718
100000,100,67418,16744
100000,100,92461,16574
100000,100,64420,16747
100000,100,61272,17022
100000,100,59286,17291
100000,100,49566,17323
100000,100,37892,17355
100000,100,67721,17388
100000,100,94916,17414
100000,100,82653,17699
100000,100,17488,18386
100000,100,92262,18464
100000,100,30949,18667
100000,100,95203,18881
100000,100,1499,19090
100000,100,73140,19168
100000,100,84145,19554
100000,100,99193,32254
100000,100,47866,32324
100000,100,99361,32355
100000,100,59389,32392
100000,100,73342,32436
100000,100,65278,32476
100000,100,64952,32484
100000,100,43069,32508
100000,100,71119,32628
100000,100,92499,32816
100000,100,5083,33204
100000,100,16507,33354
100000,100,64244,33371
100000,100,34170,33393
100000,100,52936,33421
100000,100,62290,33413
100000,100,18947,33443
100000,100,21419,33448
100000,100,84350,33482
100000,100,19233,33491
100000,100,43238,33513
100000,100,72029,33501
100000,100,5221,33538
100000,100,47888,33544
100000,100,49959,33572
100000,100,6519,33657
100000,100,73016,33666
100000,100,41755,33711
100000,100,11663,33704
100000,100,83019,33732
100000,100,6786,33728
100000,100,66373,33751
100000,100,39311,33757
100000,100,27034,33786
100000,100,5550,33789
100000,100,32434,33816
100000,100,65328,33798
100000,100,94062,33802
100000,100,60395,33831
100000,100,32086,33826
100000,100,17470,33847
100000,100,65483,33849
100000,100,98798,33887
100000,100,24937,33893
100000,100,3879,33917
100000,100,82302,33898
100000,100,50628,33939
100000,100,71699,33927
100000,100,67757,33958
100000,100,15221,33962
100000,100,71215,33978
100000,100,62807,34015
100000,100,43206,41932
100000,100,8370,42083
100000,100,57578,91843
100000,100,1687,42492
100000,100,27809,42627
100000,100,98242,42882
100000,100,70674,41932
100000,100,25477,42182
100000,100,32253,44119
100000,1000,55903,96
100000,1000,44954,21
100000,1000,16146,13
100000,1000,81598,9
100000,1000,64066,127747
100000,1000,71297,127876
100000,1000,10003,127883
100000,1000,74802,128114
100000,1000,21869,128133
100000,1000,75382,128253
100000,1000,34382,128379
100000,1000,10959,128511
100000,1000,28666,127449
100000,1000,48088,127563
100000,1000,68966,127672
100000,1000,74571,127903
100000,1000,56621,127911
100000,1000,50166,128138
100000,1000,78696,128475
100000,1000,31897,128482
100000,1000,62986,128599
100000,1000,26967,128710
100000,1000,9933,128710
100000,1000,66980,128973
100000,1000,21398,128981
100000,1000,70186,129099
100000,1000,84357,129106
100000,1000,94629,129337
100000,1000,29907,129347
100000,1000,93661,129680
100000,1000,98601,129894
100000,1000,50018,130010
100000,1000,65467,130232
100000,1000,78702,130312
100000,1000,47694,130265
100000,1000,81978,130311
100000,1000,30643,130835
100000,1000,28851,131156
100000,1000,41171,131337
100000,1000,31723,131415
100000,1000,20355,131565
100000,1000,12751,131625
100000,1000,75992,131773
100000,1000,63826,131928
100000,1000,37962,132080
100000,1000,8336,132151
100000,1000,10198,132187
100000,1000,9251,132350
100000,1000,69708,132445
100000,1000,27565,132506
100000,1000,18112,132464
100000,1000,14781,132488
100000,1000,89348,132573
100000,1000,35968,132719
100000,1000,24998,132895
100000,1000,10399,133042
100000,1000,57112,133210
100000,1000,83966,133352
100000,1000,93332,133586
100000,1000,68473,133742
100000,1000,16385,133994
100000,1000,11477,134140
100000,1000,85565,134216
100000,1000,50158,134333
100000,1000,7607,134511
100000,1000,95472,134554
100000,1000,85444,134718
100000,1000,29084,134928
100000,1000,49923,135131
100000,1000,56843,135352
100000,1000,74307,136445
100000,1000,99285,136532
100000,1000,14829,136644
100000,1000,9643,136731
100000,1000,10342,136665
100000,1000,29522,136676
100000,1000,12737,136607
100000,1000,56688,136584
100000,1000,55839,136559
100000,1000,65052,136543
100000,1000,6526,136547
100000,1000,43883,136520
100000,1000,64341,136565
100000,1000,42446,136686
100000,1000,5309,136773
100000,1000,90886,136567
100000,1000,79883,136726
100000,1000,35936,136782
100000,1000,83694,137030
100000,1000,72599,137073
100000,1000,40930,136539
100000,1000,20224,136619
100000,1000,71876,136765
100000,1000,24339,136788
100000,1000,95394,137014
100000,1000,71057,136663
100000,1000,53289,136858
100000,1000,44249,136860
100000,1000,88189,136971
100000,1000,53441,137313
100000,1000,88307,140188
100000,1000,94925,140306
100000,1000,62112,140524
100000,1000,63434,140741
100000,1000,93205,140977
100000,1000,14977,140989
100000,1000,39593,141098
100000,1000,37475,141211
100000,1000,60360,141326
100000,1000,39174,141416
100000,1000,92725,141589
100000,1000,34735,141709
100000,1000,22672,141787
100000,1000,84687,141994
100000,1000,20606,142097
100000,1000,80529,142211
100000,1000,70241,142320
100000,1000,72212,142438
100000,1000,56157,142543
100000,1000,80608,142648
100000,1000,15621,142758
100000,1000,94564,142866
100000,1000,42542,142871
100000,1000,57242,143092
100000,1000,1241,143096
100000,1000,82363,143201
100000,1000,13859,143319
100000,1000,11377,143329
100000,1000,95354,143542
100000,1000,29956,143642
100000,1000,9778,143642
100000,1000,3627,143644
100000,1000,66360,143753
100000,1000,45840,143957
100000,1000,14943,143956
100000,1000,33339,143957
100000,1000,91999,144178
100000,1000,35144,144281
100000,1000,78660,144385
100000,1000,3211,144383
100000,1000,61772,144483
100000,1000,25192,144482
100000,1000,86027,144579
100000,1000,81302,144665
100000,1000,944,143607
100000,1000,3348,143609
100000,1000,73538,143726
100000,1000,8223,143993
100000,1000,31382,143987
100000,1000,2469,143994
100000,1000,56850,143990
100000,1000,85253,144367
100000,1000,46618,144473
100000,1000,44240,144479
100000,1000,81165,144595
100000,1000,93913,144803
100000,1000,23947,145012
100000,1000,40712,145002
100000,1000,40588,145152
100000,1000,1451,145187
100000,1000,16453,145289
100000,1000,44506,145445
100000,1000,90540,149501
100000,1000,88212,149677
100000,1000,73930,149812
100000,1000,71904,150064
100000,1000,48919,150195
100000,1000,91130,150466
100000,1000,55250,150616
100000,1000,50920,150868
100000,1000,7246,150918
100000,1000,6112,150967
100000,1000,11512,151021
100000,1000,14621,151029
100000,1000,30822,151118
100000,1000,36536,151135
100000,1000,13131,151271
100000,1000,24543,151337
100000,1000,13587,151375
100000,1000,12103,151430
100000,1000,99791,151668
100000,1000,79413,152048
100000,1000,36687,152179
100000,1000,17515,152241
100000,1000,62019,152477
100000,1000,523,152543
100000,1000,95210,152783
100000,1000,21583,152835
100000,1000,12411,152870
100000,1000,46994,153031
100000,1000,23590,153187
100000,1000,35165,153251
100000,1000,78238,153512
100000,1000,79870,153671
100000,1000,90231,153924
100000,1000,68740,154077
100000,1000,61740,154232
100000,1000,15510,154282
100000,1000,38838,154430
100000,1000,98715,154826
100000,1000,58744,154874
100000,1000,12459,154913
100000,1000,71087,155019
100000,1000,72259,155101
100000,1000,58692,155198
100000,1000,93006,155304
100000,1000,33355,155926
100000,1000,86818,155944
100000,1000,55514,156131
100000,1000,83301,156287
100000,1000,58381,156450
100000,1000,8390,155024
100000,1000,21945,155086
100000,1000,24512,155062
100000,1000,17686,154799
100000,1000,24523,154764
100000,1000,24666,154755
100000,1000,72260,155128
100000,1000,24495,155162
100000,1000,11366,155332
100000,1000,20242,155371
100000,1000,64281,158432
100000,1000,55907,158667
100000,1000,86565,159067
100000,1000,55628,159170
100000,1000,54794,159426
100000,1000,84982,159572
100000,1000,8563,159622
100000,1000,38026,159771
100000,1000,84658,159930
100000,1000,5901,159969
100000,1000,86232,160330
100000,1000,33954,160392
100000,1000,547,160399
100000,1000,43387,160581
100000,1000,52196,160708
100000,1000,18883,160781
100000,1000,38956,160913
100000,1000,22730,161080
100000,1000,46404,161212
100000,1000,5744,161285
100000,1000,91754,161511
100000,1000,77247,161426
100000,1000,9054,161382
100000,1000,37147,161541
100000,1000,44325,161674
100000,1000,54620,161843
100000,1000,81477,162077
100000,1000,30561,162144
100000,1000,21995,162156
100000,1000,74113,162314
100000,1000,9658,162371
100000,1000,2277,162406
100000,1000,50298,162563
100000,1000,7754,162615
100000,1000,70320,162778
100000,1000,66463,163050
100000,1000,51198,163150
100000,1000,27025,163324
100000,1000,7164,163266
100000,1000,14997,163332
100000,1000,37712,163348
100000,1000,82103,163551
100000,1000,96945,163626
100000,1000,28668,163705
100000,1000,97831,163923
100000,1000,76540,164037
100000,1000,59678,164250
100000,1000,23034,164257
100000,1000,91154,164373
100000,1000,11009,164384
100000,1000,65238,164788
100000,1000,47452,162281
100000,1000,70781,162282
100000,1000,14413,163048
100000,1000,85122,163183
100000,1000,44151,163217
100000,1000,43888,163353
100000,1000,58169,163587
100000,1000,67351,163776
100000,1000,34166,166797
100000,1000,53918,166930
100000,1000,93832,167048
100000,1000,42987,167250
100000,1000,19589,167254
100000,1000,1405,167259
100000,1000,48957,167370
100000,1000,3551,167380
100000,1000,40754,167497
100000,1000,18130,167509
100000,1000,10531,167518
100000,1000,31645,167567
100000,1000,63184,167746
100000,1000,16075,167805
100000,1000,69278,167866
100000,1000,49577,167525
100000,1000,31259,167699
100000,1000,67542,167754
100000,1000,56887,168029
100000,1000,67955,168126
100000,1000,1315,168127
100000,1000,5673,168132
100000,1000,83344,168352
100000,1000,89971,168661
100000,1000,34432,168667
100000,1000,74887,168872
100000,1000,97308,169191
100000,1000,75577,169396
100000,1000,21242,169402
100000,1000,51305,169508
100000,1000,84455,169930
100000,1000,17131,170036
100000,1000,30252,170044
100000,1000,30562,170155
100000,1000,1139,170155
100000,1000,32407,170264
100000,1000,53457,170479
100000,1000,6871,170487
100000,1000,8091,170500
100000,1000,59857,170604
100000,1000,19154,170604
100000,1000,91863,170814
100000,1000,193,170823
100000,1000,53383,171049
100000,1000,95388,171162
100000,1000,89579,171380
100000,1000,40357,172940
100000,1000,19002,172953
100000,1000,11224,172840
100000,1000,56673,172947
100000,1000,56948,173044
100000,1000,31240,173048
100000,1000,76479,173645
100000,1000,84073,173625
100000,1000,40920,173668
100000,1000,64185,173628
100000,1000,80158,173706
100000,1000,76598,174017
100000,1000,94270,174193
100000,1000,82263,174330
100000,1000,72425,174550
100000,1000,43587,174785
100000,1000,204,174934
100000,1000,10060,174970
100000,1000,28023,174990
100000,1000,16803,175010
100000,1000,77158,175019
100000,1000,76194,175014
100000,1000,23278,174997
100000,1000,4357,174979
100000,1000,34464,174955
100000,1000,51988,174923
100000,1000,8193,174888
100000,1000,90700,174854
100000,1000,32639,174808
100000,1000,528,174772
100000,1000,92004,174711
100000,1000,72032,174625
100000,1000,38637,174541
100000,1000,74991,173822
100000,1000,22113,173788
100000,1000,3826,173757
100000,1000,3050,173703
100000,1000,42313,173643
100000,1000,29922,173609
100000,1000,38204,173568
100000,1000,47680,173569
100000,1000,69021,173515
100000,1000,47825,173548
100000,1000,26786,173649
100000,1000,40130,173649
100000,1000,73017,173748
100000,1000,41406,173841
100000,1000,66349,173847
100000,1000,53837,173956
100000,1000,75312,175403
100000,1000,91078,175518
100000,1000,69010,175624
100000,1000,41476,175629
100000,1000,42951,175635
100000,1000,87282,175778
100000,1000,68567,176156
100000,1000,89003,176250
100000,1000,85930,176472
100000,1000,79756,176589
100000,1000,82315,176798
100000,1000,98389,177125
100000,1000,82325,177004
100000,1000,22836,177006
100000,1000,32962,177016
100000,1000,71929,177112
100000,1000,61031,176790
100000,1000,85237,176677
100000,1000,40166,176795
100000,1000,76661,176898
100000,1000,48830,176903
100000,1000,15749,177005
100000,1000,41230,177114
100000,1000,84018,177330
100000,1000,47559,177547
100000,1000,18841,177559
100000,1000,93647,177767
100000,1000,8096,177766
100000,1000,66249,177874
100000,1000,49749,177995
100000,1000,64627,178208
100000,1000,84782,178411
100000,1000,88387,168493
100000,1000,48681,167428
100000,1000,64622,167618
100000,1000,6416,163814
100000,1000,93131,164014
100000,1000,14310,164025
100000,1000,39196,164028
100000,1000,84346,164581
100000,1000,66653,165884
100000,1000,58735,166129
100000,1000,81399,166242
100000,1000,11128,166248
100000,1000,46634,166359
100000,1000,21815,166482
100000,1000,83688,166490
100000,1000,8877,166605
100000,1000,75690,166728
100000,1000,95682,166967
100000,1000,32844,167078
100000,1000,40189,167085
100000,1000,53780,165185
100000,1000,42169,165239
100000,1000,47913,165228
100000,1000,34157,165114
100000,1000,52987,165230
100000,1000,15636,165239
100000,1000,29420,165355
100000,1000,47942,165455
100000,1000,61773,165567
100000,1000,39533,165681
100000,1000,46602,165690
100000,1000,39271,165699
100000,1000,77748,165916
100000,1000,55325,166017
100000,1000,92958,163049
100000,1000,47504,163111
100000,1000,76437,163542
100000,1000,95003,163656
100000,1000,16317,163664
100000,1000,6358,164119
100000,1000,92619,165053
100000,1000,66043,165175
100000,1000,28831,165295
100000,1000,7464,165304
100000,1000,13738,165414
100000,1000,4246,165424
100000,1000,41925,165420
100000,1000,87484,165532
100000,1000,1142,165537
100000,1000,43741,165654
100000,1000,72349,165878
100000,1000,53692,165900
100000,1000,13074,165844
100000,1000,13397,165784
100000,1000,870,165727
100000,1000,75489,165664
100000,1000,81650,166155
100000,1000,32297,166174
100000,1000,88467,166481
100000,1000,59781,166577
100000,1000,16250,166836
100000,1000,87830,166890
100000,1000,54826,167020
100000,1000,63786,167222
100000,1000,59556,168532
100000,1000,67561,168849
100000,1000,72891,168948
100000,1000,70342,169057
100000,1000,54074,169168
100000,1000,25208,169263
100000,1000,5697,169369
100000,1000,66542,169383
100000,1000,67133,169676
100000,1000,46441,169795
100000,1000,64999,169801
100000,1000,71070,169912
100000,1000,56964,170026
100000,1000,34927,170947
100000,1000,81249,171163
100000,1000,80278,171393
100000,1000,45257,171394
100000,1000,56409,171515
100000,1000,94342,171623
100000,1000,15510,171624
100000,1000,70096,171828
100000,1000,96282,171938
100000,1000,98267,172337
100000,1000,65311,172321
100000,1000,74575,172354
100000,1000,27396,172321
100000,1000,60748,172309
100000,1000,80222,172305
100000,1000,49497,172301
100000,1000,45738,172260
100000,1000,87281,172282
100000,1000,41407,172277
100000,1000,59956,172298
100000,1000,7703,172266
100000,1000,93554,172239
100000,1000,69105,404
100000,1000,33439,94
100000,1000,59552,55
100000,1000,41584,52
100000,1000,23004,52
100000,1000,37067,52
100000,1000,21849,1872
100000,1000,60428,59
100000,1000,39724,57
100000,1000,52854,142
100000,1000,22052,30
100000,1000,25023,9
100000,1000,2129,153
100000,1000,22376,15
100000,1000,89011,8
100000,1000,31974,45
100000,1000,85417,80
100000,1000,33849,54
100000,1000,81013,53
100000,1000,60457,55
100000,1000,51579,238
100000,1000,7232,64
100000,1000,26866,54
100000,1000,11611,57
100000,1000,68002,57
100000,1000,81773,39
100000,1000,45835,43
100000,1000,99771,8
100000,1000,62585,12
100000,1000,59022,6
100000,1000,39473,43
100000,1000,32469,36
100000,1000,85466,36
100000,1000,79249,83
100000,1000,76641,35
100000,1000,968,36
100000,1000,27904,12
100000,1000,79927,6
100000,1000,37787,40
100000,1000,43172,38
100000,1000,33316,35
100000,1000,53486,33
100000,1000,61245,35
100000,1000,29844,36
100000,1000,25536,30
100000,1000,40339,38
100000,1000,12622,16
100000,1000,39564,33
100000,1000,80146,50
100000,1000,16485,38
100000,1000,47429,54
100000,1000,6375,46
100000,1000,91701,37
100000,1000,68248,38
100000,1000,53684,32
100000,1000,63070,41
100000,1000,4026,13
100000,1000,7047,6
100000,1000,21007,35
100000,1000,72249,58
100000,1000,70977,17
100000,1000,24476,14
100000,1000,62416,10
100000,1000,89095,17
100000,1000,59855,23
100000,1000,48006,10
100000,1000,90734,9
100000,1000,76830,9
100000,1000,48174,12
100000,1000,72113,16
100000,1000,34341,47
100000,1000,9658,37
100000,1000,46383,13
100000,1000,88692,16
100000,1000,79391,12
100000,1000,15839,12
100000,1000,49309,12
100000,1000,5410,30
100000,1000,60055,12
100000,1000,42454,11
100000,1000,88320,15
100000,1000,3130,24
100000,1000,44342,52
100000,1000,72228,13
100000,1000,23558,12
100000,1000,29316,12
100000,1000,92287,13
100000,1000,42410,81
100000,1000,37003,48
100000,1000,41457,11
100000,1000,95749,12
100000,1000,49847,8
100000,1000,9129,8
100000,1000,2088,12
100000,1000,33734,8
100000,1000,18433,10
100000,1000,55371,9
100000,1000,27896,9
100000,1000,33257,53
100000,1000,4174,37
100000,1000,55952,22
100000,1000,29381,57
100000,1000,50621,37
100000,1000,58499,55
100000,1000,99566,12
100000,1000,471,39
100000,1000,82030,17
100000,1000,98810,37
100000,1000,88301,55
100000,1000,38818,83
100000,1000,90625,8
100000,1000,50778,9
100000,1000,16072,12
100000,1000,61174,8
100000,1000,37929,9
100000,1000,16064,9
100000,1000,67488,12
100000,1000,48662,8
100000,1000,55368,65
100000,1000,84447,11
100000,1000,15506,14
100000,1000,53092,12
100000,1000,21806,10
100000,1000,39030,10
100000,1000,58710,10
100000,1000,708,19
100000,1000,1404,12
100000,1000,10734,12
100000,1000,78785,12
100000,1000,16704,9
100000,1000,78329,10
100000,1000,46245,12
100000,1000,94824,66
100000,1000,69544,98
100000,1000,17132,12
100000,1000,59308,10
100000,1000,10577,36
100000,1000,6132,14
100000,1000,39655,8
100000,1000,78732,33
100000,1000,77061,12
100000,1000,75955,31
100000,1000,92438,138
100000,1000,77154,78
100000,1000,80722,12
100000,1000,74477,7
100000,1000,7784,16
100000,1000,68187,6
100000,1000,28965,30
100000,1000,20908,43
100000,1000,53806,32
100000,1000,70842,37
100000,1000,24305,12
100000,1000,56244,29
100000,1000,67025,28
100000,1000,71611,40
100000,1000,18597,12
100000,1000,75435,6
100000,1000,53569,12
100000,1000,65972,5
100000,1000,51871,33
100000,1000,66325,36
100000,1000,56485,12
100000,1000,54049,7
100000,1000,68701,12
100000,1000,87174,9
100000,1000,59617,16
100000,1000,55811,8
100000,1000,20215,32
100000,1000,72633,40
100000,1000,8476,12
100000,1000,90217,8
100000,1000,237,12
100000,1000,4088,6
100000,1000,46100,47
100000,1000,96744,32
100000,1000,74396,35
100000,1000,98261,73
100000,1000,18783,15
100000,1000,79891,13
100000,1000,35272,13
100000,1000,76642,52
100000,1000,48342,54
100000,1000,96267,44
100000,1000,6603,43
100000,1000,29031,37
100000,1000,38904,37
100000,1000,67870,12
100000,1000,64503,28
100000,1000,44280,30
100000,1000,79353,42
100000,1000,86699,27
100000,1000,16373,22
100000,1000,74705,25
100000,1000,55835,12
100000,1000,14065,21
100000,1000,45785,50
100000,1000,29282,9
100000,1000,57492,12
100000,1000,32758,24
100000,1000,80554,19
100000,1000,17102,17
100000,1000,86939,12
100000,1000,49851,11
100000,1000,54211,20
100000,1000,77219,11
100000,1000,34801,22
100000,1000,51676,12
100000,1000,61193,11
100000,1000,1535,10
100000,1000,57769,98
100000,1000,66115,79
100000,1000,75875,69
100000,1000,91455,42
100000,1000,48291,54
100000,1000,84588,9
100000,1000,17557,12
100000,1000,46676,18
100000,1000,17036,19
100000,1000,83864,23
100000,1000,84558,12
100000,1000,12387,11
100000,1000,97232,15
100000,1000,46242,11
100000,1000,96634,12
100000,1000,49474,9
100000,1000,75239,10
100000,1000,28045,36
100000,1000,29313,9
100000,1000,45295,11
100000,1000,58635,18
100000,1000,25426,12
100000,1000,58261,11
100000,1000,16736,12
100000,1000,31482,13
100000,1000,90264,21
100000,1000,33236,17
100000,1000,77699,22
100000,1000,89741,65
100000,1000,50478,82
100000,1000,6095,9
100000,1000,34699,83
100000,1000,35011,24
100000,1000,32572,9
100000,1000,81017,11
100000,1000,26847,11
100000,1000,53980,12
100000,1000,80992,8
100000,1000,83323,9
100000,1000,62375,12
100000,1000,64650,50
100000,1000,36840,12
100000,1000,95974,12
100000,1000,88223,13
100000,1000,58442,11
100000,1000,82577,8
100000,1000,94637,12
100000,1000,58305,11
100000,1000,45119,41
100000,1000,79476,8
100000,1000,14953,8
100000,1000,97496,49
100000,1000,14159,7
100000,1000,31424,12
100000,1000,75679,12
100000,1000,73035,9
100000,1000,64988,8
100000,1000,22228,11
100000,1000,89301,12
100000,1000,16432,18
100000,1000,5541,17
100000,1000,80152,12
100000,1000,77752,12
100000,1000,26343,29
100000,1000,9864,23
100000,1000,75741,12
100000,1000,3988,18
100000,1000,75797,12
100000,1000,40231,13
100000,1000,54524,11
100000,1000,85734,15
100000,1000,78399,11
100000,1000,27746,11
100000,1000,63456,55
100000,1000,13122,34
100000,1000,62524,21
100000,1000,75875,71
100000,1000,91768,49
100000,1000,44110,25
100000,1000,7800,32
100000,1000,37237,58
100000,1000,64371,5
100000,1000,40545,54
100000,1000,26852,45
100000,1000,32850,12
100000,1000,74515,12
100000,1000,81868,12
100000,1000,18233,55
100000,1000,17339,12
100000,1000,68711,46
100000,1000,10305,13
100000,1000,47121,54
100000,1000,4268,78
100000,1000,97078,49
100000,1000,67235,11
100000,1000,17522,11
100000,1000,12015,42
100000,1000,48150,12
100000,1000,69138,61
100000,1000,21805,8
100000,1000,47103,18
100000,1000,10815,8
100000,1000,15924,14
100000,1000,95972,38
100000,1000,84052,19
100000,1000,82880,7
100000,1000,10503,79
100000,1000,42131,14
100000,1000,50397,95
100000,1000,83820,14
100000,1000,74397,28
100000,1000,74287,12
100000,1000,43756,13
100000,1000,54925,9
100000,1000,48544,12
100000,1000,75744,12
100000,1000,54209,20
100000,1000,45569,8
100000,1000,99448,12
100000,1000,57872,23
100000,1000,6420,41
100000,1000,35779,12
100000,1000,53828,12
100000,1000,70307,28
100000,1000,42007,42
100000,1000,86970,11
100000,1000,42298,13
100000,1000,29285,27
100000,1000,25319,12
100000,1000,67191,12
100000,1000,12277,12
100000,1000,17227,11
100000,1000,72003,13
100000,1000,98178,11
100000,1000,88489,11
100000,1000,91904,11
100000,1000,44313,18
100000,1000,28136,12
100000,1000,86649,13
100000,1000,10081,21
100000,1000,78824,12
100000,1000,57188,8
100000,1000,89036,11
100000,1000,14270,11
100000,1000,30748,12
100000,1000,7018,11
100000,1000,57538,11
100000,1000,43355,8
100000,1000,71384,25
100000,1000,78735,47
100000,1000,74564,8
100000,1000,14801,8
100000,1000,93927,9
100000,1000,18358,45
100000,1000,44662,14
100000,1000,55401,12
100000,1000,9518,17
100000,1000,79032,54
100000,1000,77279,32
100000,1000,32140,12
100000,1000,7196,6
100000,1000,76147,41
100000,1000,2055,42
100000,1000,78649,12
100000,1000,97230,41
100000,1000,89287,14
100000,1000,16865,9
100000,1000,80576,43
100000,1000,24504,41
100000,1000,28964,39
100000,1000,94513,38
100000,1000,70640,15
100000,1000,43225,37
100000,1000,36852,38
100000,1000,28253,12
100000,1000,33203,12
100000,1000,91866,12
100000,1000,16648,26
100000,1000,3333,12
100000,1000,52296,12
100000,1000,73214,12
100000,1000,60465,13
100000,1000,43407,17
100000,1000,14948,10
100000,1000,60284,18
100000,1000,25420,10
100000,1000,47030,11
100000,1000,4311,62
100000,1000,97720,55
100000,1000,14320,10
100000,1000,91434,8
100000,1000,90882,8
100000,1000,66822,12
100000,1000,33611,35
100000,1000,27883,45
100000,1000,30388,10
100000,1000,78008,17
100000,1000,83202,12
100000,1000,87929,5
100000,1000,88732,37
100000,1000,98102,41
100000,1000,4771,18
100000,1000,19199,50
100000,1000,59050,28
100000,1000,57632,11
100000,1000,92101,12
100000,1000,75092,15
100000,1000,87875,6
100000,1000,8972,13
100000,1000,59494,48
100000,1000,64169,11
100000,1000,40866,62
100000,1000,51656,12
100000,1000,12214,12
100000,1000,46271,12
100000,1000,45097,38
100000,1000,720,21
100000,1000,62995,37
100000,1000,49531,43
100000,1000,79035,41
100000,1000,49606,10
100000,1000,25163,10
100000,1000,33374,11
100000,1000,3619,12
100000,1000,32227,9
100000,1000,31368,15
100000,1000,84645,12
100000,1000,8697,12
100000,1000,92623,46
100000,1000,36441,9
100000,1000,72988,35
100000,1000,42003,12
100000,1000,10819,12
100000,1000,4201,6
100000,1000,6519,12
100000,1000,36775,12
100000,1000,15421,14
100000,1000,98277,8
100000,1000,7557,19
100000,1000,2012,13
100000,1000,59563,8
100000,1000,97625,8
100000,1000,61484,9
100000,1000,83871,12
100000,1000,75986,30
100000,1000,21997,53
100000,1000,67916,46
100000,1000,20109,12
100000,1000,51424,19
100000,1000,18812,12
100000,1000,54525,12
100000,1000,16794,12
100000,1000,79862,39
100000,1000,14312,6
100000,1000,89200,14
100000,1000,37896,42
100000,1000,13889,8
100000,1000,23848,9
100000,1000,97337,12
100000,1000,62993,19
100000,1000,68439,21
100000,1000,58887,12
100000,1000,11840,11
100000,1000,65359,54
100000,1000,39138,13
100000,1000,81109,9
100000,1000,36337,12
100000,1000,81021,6
100000,1000,22637,11
100000,1000,92839,7
100000,1000,35666,38
100000,1000,41258,41
100000,1000,53900,32
100000,1000,88115,38
100000,1000,60072,12
100000,1000,12580,10
100000,1000,87398,18
100000,1000,11208,9
100000,1000,76207,8
100000,1000,7127,86
100000,1000,60837,45
100000,1000,65652,11
100000,1000,9071,43
100000,1000,70980,12
