M,N,accessTime
1000,10,315
1000,10,89
1000,10,137
1000,10,304
1000,10,45
1000,10,1256
1000,10,1323
1000,10,1255
1000,10,1089
1000,10,2099
1000,100,197
1000,100,32
1000,100,72
1000,100,77
1000,100,86
1000,100,32
1000,100,31
1000,100,27
1000,100,29
1000,100,1674
1000,100,28
1000,100,32
1000,100,27
1000,100,28
1000,100,57
1000,100,62
1000,100,2698
1000,100,75
1000,100,77
1000,100,85
1000,100,32
1000,100,21
1000,100,21
1000,100,3673
1000,100,4927
1000,100,3845
1000,100,3351
1000,100,26
1000,100,85
1000,100,86
1000,100,7926
1000,100,24
1000,100,22
1000,100,74
1000,100,63
1000,100,59
1000,100,10242
1000,100,18
1000,100,60
1000,100,71
1000,100,13793
1000,100,104
1000,100,15
1000,100,22290
1000,100,19
1000,100,14
1000,100,14
1000,100,15
1000,100,26616
1000,100,14
1000,100,1559
1000,100,57
1000,100,20
1000,100,2752
1000,100,2895
1000,100,25223
1000,100,29214
1000,100,4207
1000,100,30063
1000,100,4617
1000,100,25935
1000,100,25980
1000,100,31579
1000,100,26551
1000,100,25971
1000,100,25953
1000,100,26660
1000,100,31647
1000,100,31814
1000,100,24273
1000,100,25162
1000,100,27119
1000,100,24307
1000,100,24334
1000,100,23376
1000,100,31055
1000,100,24697
1000,100,28080
1000,100,22657
1000,100,22720
1000,100,22513
1000,100,28370
1000,100,31604
1000,100,20677
1000,100,19221
1000,100,9887
1000,100,9929
1000,100,9313
1000,100,9041
1000,100,8308
1000,100,30364
1000,100,29710
1000,100,24020
1000,100,10771
1000,100,33219
1000,100,32149
1000,100,31507
1000,1000,43
1000,1000,95
1000,1000,126
1000,1000,79
1000,1000,265
1000,1000,19
1000,1000,13
1000,1000,19
1000,1000,599
1000,1000,580
1000,1000,17
1000,1000,13
1000,1000,632
1000,1000,406
1000,1000,13
1000,1000,442
1000,1000,497
1000,1000,57
1000,1000,54
1000,1000,2072
1000,1000,1336
1000,1000,54
1000,1000,53
1000,1000,53
1000,1000,53
1000,1000,53
1000,1000,53
1000,1000,52
1000,1000,54
1000,1000,52
1000,1000,53
1000,1000,52
1000,1000,52
1000,1000,55
1000,1000,52
1000,1000,44
1000,1000,6010
1000,1000,61
1000,1000,54
1000,1000,61
1000,1000,11
1000,1000,7201
1000,1000,5437
1000,1000,6584
1000,1000,28
1000,1000,11
1000,1000,11
1000,1000,55
1000,1000,52
1000,1000,51
1000,1000,11
1000,1000,24
1000,1000,8838
1000,1000,1802
1000,1000,12
1000,1000,15
1000,1000,10
1000,1000,1907
1000,1000,10
1000,1000,33
1000,1000,2099
1000,1000,60
1000,1000,60
1000,1000,49
1000,1000,9694
1000,1000,11
1000,1000,36
1000,1000,12
1000,1000,11
1000,1000,52
1000,1000,55
1000,1000,51
1000,1000,49
1000,1000,2955
1000,1000,55
1000,1000,50
1000,1000,12213
1000,1000,56
1000,1000,63
1000,1000,50
1000,1000,49
1000,1000,49
1000,1000,53
1000,1000,47
1000,1000,4425
1000,1000,18
1000,1000,11
1000,1000,4344
1000,1000,9495
1000,1000,58
1000,1000,77
1000,1000,51
1000,1000,47
1000,1000,49
1000,1000,47
1000,1000,49
1000,1000,48
1000,1000,9566
1000,1000,9
1000,1000,7
1000,1000,7
1000,1000,6
1000,1000,12
1000,1000,7
1000,1000,17
1000,1000,11988
1000,1000,17
1000,1000,12062
1000,1000,17
1000,1000,7
1000,1000,10
1000,1000,7
1000,1000,11716
1000,1000,9
1000,1000,16569
1000,1000,10
1000,1000,9
1000,1000,17
1000,1000,16
1000,1000,20
1000,1000,16930
1000,1000,10
1000,1000,8
1000,1000,7
1000,1000,34
1000,1000,2408
1000,1000,7
1000,1000,12490
1000,1000,51
1000,1000,8
1000,1000,8
1000,1000,7
1000,1000,6
1000,1000,8
1000,1000,6
1000,1000,17106
1000,1000,10
1000,1000,8
1000,1000,7
1000,1000,19591
1000,1000,10
1000,1000,48
1000,1000,8
1000,1000,12
1000,1000,7
1000,1000,13
1000,1000,9
1000,1000,13394
1000,1000,38
1000,1000,18164
1000,1000,10810
1000,1000,20
1000,1000,9
1000,1000,8
1000,1000,7
1000,1000,8
1000,1000,10742
1000,1000,7
1000,1000,7
1000,1000,9
1000,1000,9
1000,1000,7
1000,1000,21
1000,1000,14650
1000,1000,7
1000,1000,8
1000,1000,48
1000,1000,11504
1000,1000,39
1000,1000,11221
1000,1000,7
1000,1000,7
1000,1000,46
1000,1000,20372
1000,1000,10
1000,1000,11662
1000,1000,68
1000,1000,9
1000,1000,6
1000,1000,7
1000,1000,6
1000,1000,24788
1000,1000,47
1000,1000,39
1000,1000,8
1000,1000,8
1000,1000,6
1000,1000,6
1000,1000,33
1000,1000,8
1000,1000,7
1000,1000,9
1000,1000,16557
1000,1000,11
1000,1000,16705
1000,1000,18
1000,1000,5264
1000,1000,8
1000,1000,7
1000,1000,5233
1000,1000,10
1000,1000,8
1000,1000,18
1000,1000,9
1000,1000,6
1000,1000,6
1000,1000,7
1000,1000,37
1000,1000,9
1000,1000,13322
1000,1000,47
1000,1000,46
1000,1000,45
1000,1000,8
1000,1000,6
1000,1000,6
1000,1000,47
1000,1000,18514
1000,1000,11
1000,1000,6
1000,1000,6
1000,1000,54
1000,1000,57
1000,1000,46
1000,1000,45
1000,1000,47
1000,1000,7
1000,1000,47
1000,1000,45
1000,1000,46
1000,1000,11
1000,1000,7
1000,1000,6
1000,1000,14970
1000,1000,17
1000,1000,14918
1000,1000,6
1000,1000,6
1000,1000,14937
1000,1000,22
1000,1000,6
1000,1000,6
1000,1000,8
1000,1000,19
1000,1000,9
1000,1000,7205
1000,1000,7
1000,1000,6
1000,1000,19
1000,1000,6
1000,1000,6
1000,1000,6
1000,1000,6
1000,1000,6
1000,1000,6
1000,1000,6
1000,1000,6
1000,1000,6
1000,1000,7
1000,1000,6
1000,1000,6
1000,1000,6
1000,1000,7
1000,1000,6
1000,1000,7
1000,1000,6
1000,1000,6
1000,1000,6
1000,1000,8
1000,1000,7039
1000,1000,7
1000,1000,18
1000,1000,7
1000,1000,21
1000,1000,8
1000,1000,6
1000,1000,20
1000,1000,7
1000,1000,6
1000,1000,6
1000,1000,6
1000,1000,6
1000,1000,7
1000,1000,6
1000,1000,6
1000,1000,6
1000,1000,6
1000,1000,10
1000,1000,5
1000,1000,6
1000,1000,6
1000,1000,6
1000,1000,6
1000,1000,6
1000,1000,8
1000,1000,6
1000,1000,6
1000,1000,10
1000,1000,6
1000,1000,6
1000,1000,7
1000,1000,6
1000,1000,20612
1000,1000,27131
1000,1000,6
1000,1000,7
1000,1000,6
1000,1000,7
1000,1000,8
1000,1000,6
1000,1000,6
1000,1000,7
1000,1000,6
1000,1000,6
1000,1000,6
1000,1000,17711
1000,1000,46
1000,1000,7
1000,1000,6
1000,1000,6
1000,1000,6
1000,1000,17948
1000,1000,8
1000,1000,17965
1000,1000,40
1000,1000,46
1000,1000,21088
1000,1000,46
1000,1000,46
1000,1000,46
1000,1000,8
1000,1000,6
1000,1000,6
1000,1000,10
1000,1000,13
1000,1000,6
1000,1000,6
1000,1000,10
1000,1000,7
1000,1000,9
1000,1000,6
1000,1000,6
1000,1000,7
1000,1000,5
1000,1000,6
1000,1000,8
1000,1000,8
1000,1000,6
1000,1000,30202
1000,1000,8
1000,1000,6
1000,1000,6
1000,1000,48
1000,1000,6
1000,1000,8
1000,1000,6
1000,1000,48
1000,1000,6
1000,1000,7
1000,1000,6
1000,1000,6
1000,1000,8003
1000,1000,31148
1000,1000,9
1000,1000,6
1000,1000,6
1000,1000,7
1000,1000,6
1000,1000,8
1000,1000,6
1000,1000,6
1000,1000,21258
1000,1000,21204
1000,1000,10
1000,1000,6
1000,1000,8
1000,1000,24
1000,1000,8
1000,1000,6
1000,1000,8
1000,1000,6
1000,1000,6
1000,1000,21047
1000,1000,8
1000,1000,6
1000,1000,6
1000,1000,46
1000,1000,48
1000,1000,47
1000,1000,7
1000,1000,21
1000,1000,7
1000,1000,19
1000,1000,8
1000,1000,47
1000,1000,45
1000,1000,21
1000,1000,6
1000,1000,6
1000,1000,12
1000,1000,6
1000,1000,6
1000,1000,6
1000,1000,22330
1000,1000,37
1000,1000,9
1000,1000,6
1000,1000,10337
1000,1000,7
1000,1000,6
1000,1000,6
1000,1000,18
1000,1000,6
1000,1000,6
1000,1000,10
1000,1000,7
1000,1000,7
1000,1000,7
1000,1000,6
1000,1000,21938
1000,1000,6
1000,1000,6
1000,1000,6
1000,1000,6
1000,1000,6
1000,1000,33913
1000,1000,6
1000,1000,6
1000,1000,6
1000,1000,6
1000,1000,6
1000,1000,6
1000,1000,6
1000,1000,6
1000,1000,5
1000,1000,6
1000,1000,6
1000,1000,6
1000,1000,69
1000,1000,6
1000,1000,7
1000,1000,6
1000,1000,6
1000,1000,6
1000,1000,22592
1000,1000,8
1000,1000,46
1000,1000,55
1000,1000,6
1000,1000,46
1000,1000,7
1000,1000,6
1000,1000,12
1000,1000,6
1000,1000,6
1000,1000,35561
1000,1000,8
1000,1000,11
1000,1000,6
1000,1000,6
1000,1000,6
1000,1000,23321
1000,1000,7
1000,1000,5
1000,1000,6
1000,1000,20
1000,1000,6
1000,1000,31
1000,1000,8
1000,1000,6
1000,1000,6
1000,1000,6
1000,1000,7
1000,1000,48
1000,1000,46
1000,1000,8
1000,1000,46
1000,1000,46
1000,1000,6
1000,1000,6
1000,1000,24749
1000,1000,11
1000,1000,9
1000,1000,6
1000,1000,6
1000,1000,24671
1000,1000,6
1000,1000,10748
1000,1000,6
1000,1000,6
1000,1000,30314
1000,1000,10
1000,1000,38176
1000,1000,8
1000,1000,6
1000,1000,7
1000,1000,6
1000,1000,7
1000,1000,6
1000,1000,6
1000,1000,6
1000,1000,6
1000,1000,6
1000,1000,6
1000,1000,6
1000,1000,6
1000,1000,6
1000,1000,19
1000,1000,8
1000,1000,6
1000,1000,6
1000,1000,6
1000,1000,6
1000,1000,6
1000,1000,6
1000,1000,6
1000,1000,6
1000,1000,6
1000,1000,24503
1000,1000,6
1000,1000,10246
1000,1000,7
1000,1000,7
1000,1000,6
1000,1000,54
1000,1000,59
1000,1000,24201
1000,1000,49
1000,1000,48
1000,1000,49
1000,1000,48
1000,1000,49
1000,1000,52
1000,1000,46
1000,1000,23
1000,1000,6
1000,1000,9
1000,1000,7
1000,1000,7
1000,1000,6
1000,1000,7
1000,1000,6
1000,1000,6
1000,1000,6
1000,1000,6
1000,1000,6
1000,1000,6
1000,1000,33050
1000,1000,8
1000,1000,6
1000,1000,7
1000,1000,6
1000,1000,6
1000,1000,6
1000,1000,6
1000,1000,12
1000,1000,6
1000,1000,6
1000,1000,6
1000,1000,6
1000,1000,6
1000,1000,6
1000,1000,26243
1000,1000,54
1000,1000,47
1000,1000,46
1000,1000,46
1000,1000,34404
1000,1000,46
1000,1000,46
1000,1000,45
1000,1000,24
1000,1000,12
1000,1000,6
1000,1000,7
1000,1000,28016
1000,1000,28025
1000,1000,28055
1000,1000,35352
1000,1000,28196
1000,1000,28205
1000,1000,43258
1000,1000,35561
1000,1000,28458
1000,1000,28494
1000,1000,28528
1000,1000,43719
1000,1000,28760
1000,1000,28902
1000,1000,29060
1000,1000,29139
1000,1000,44777
1000,1000,29629
1000,1000,29687
1000,1000,55025
1000,1000,30004
1000,1000,13430
1000,1000,30502
1000,1000,30520
1000,1000,46548
1000,1000,13851
1000,1000,37880
1000,1000,31039
1000,1000,31482
1000,1000,51444
1000,1000,31920
1000,1000,31912
1000,1000,14645
1000,1000,32224
1000,1000,65077
1000,1000,32652
1000,1000,58734
1000,1000,33047
1000,1000,49431
1000,1000,49529
1000,1000,33665
1000,1000,33792
1000,1000,33919
1000,1000,50582
1000,1000,34239
1000,1000,50830
1000,1000,34682
1000,1000,41964
1000,1000,35007
1000,1000,51679
1000,1000,35287
1000,1000,16930
1000,1000,35313
1000,1000,35460
1000,1000,35761
1000,1000,17470
1000,1000,63018
1000,1000,36237
1000,1000,36278
1000,1000,36303
1000,1000,53642
1000,1000,53693
1000,1000,36818
1000,1000,37104
1000,1000,37230
1000,1000,64749
1000,1000,37663
1000,1000,37699
1000,1000,38017
1000,1000,67593
1000,1000,38326
1000,1000,55892
1000,1000,38436
1000,1000,38582
1000,1000,38762
1000,1000,56416
1000,1000,39183
1000,1000,56779
1000,1000,39542
1000,1000,18900
1000,1000,39785
1000,1000,67645
1000,1000,57801
1000,1000,40361
1000,1000,40244
1000,1000,68290
1000,1000,40171
1000,1000,40119
1000,1000,58299
1000,1000,40270
1000,1000,40256
1000,1000,58288
1000,1000,18257
1000,1000,40286
1000,1000,40265
1000,1000,58262
1000,1000,39683
1000,1000,58342
1000,1000,39237
1000,1000,58488
1000,1000,39192
1000,1000,38923
1000,1000,58630
1000,1000,38770
1000,1000,38775
1000,1000,38802
1000,1000,38817
1000,1000,38528
1000,1000,79248
1000,1000,69124
1000,1000,38400
1000,1000,38222
1000,1000,38176
1000,1000,38129
1000,1000,37932
1000,1000,37945
1000,1000,37852
1000,1000,61935
1000,1000,59107
1000,1000,37858
1000,1000,37976
1000,1000,59203
1000,1000,38097
1000,1000,59069
1000,1000,72780
1000,1000,38163
1000,1000,59175
1000,1000,59248
1000,1000,38306
1000,1000,62682
1000,1000,59341
1000,1000,38357
1000,1000,38297
1000,1000,38140
1000,1000,59481
1000,1000,37906
1000,1000,37770
1000,1000,82533
1000,1000,37893
1000,1000,37811
1000,1000,71005
1000,1000,38039
1000,1000,60162
1000,1000,37787
1000,1000,37787
1000,1000,37768
1000,1000,37753
1000,1000,37757
1000,1000,37807
1000,1000,37610
1000,1000,37670
1000,1000,60220
1000,1000,71554
1000,1000,37758
1000,1000,60051
1000,1000,60066
1000,1000,37846
1000,1000,37743
1000,1000,37824
1000,1000,37827
1000,1000,37836
1000,1000,37757
1000,1000,37746
1000,1000,48080
1000,1000,81094
1000,1000,37886
1000,1000,37896
1000,1000,60061
1000,1000,37962
1000,1000,65348
1000,1000,37884
1000,1000,72341
1000,1000,71913
1000,1000,37921
1000,1000,47854
1000,1000,37973
1000,1000,47671
1000,1000,38322
1000,1000,61182
1000,1000,38280
1000,1000,61103
1000,1000,61191
1000,1000,48268
1000,1000,61283
1000,1000,82999
1000,1000,38231
1000,1000,38207
1000,1000,73779
1000,1000,61215
1000,1000,48378
1000,1000,38287
1000,1000,38127
1000,1000,38167
1000,1000,66897
1000,1000,38193
1000,1000,61713
1000,1000,61736
1000,1000,37924
1000,1000,37939
1000,1000,37944
1000,1000,37917
1000,1000,37822
1000,1000,74781
1000,1000,62166
1000,1000,48702
1000,1000,67450
1000,1000,89835
1000,1000,75637
1000,1000,48847
1000,1000,38009
1000,1000,38069
1000,1000,38107
1000,1000,38103
1000,1000,38078
1000,1000,90300
1000,1000,38161
1000,1000,38191
1000,1000,38191
1000,1000,38166
1000,1000,62800
1000,1000,38265
1000,1000,38229
1000,1000,38259
1000,1000,38294
1000,1000,63110
1000,1000,38353
1000,1000,62904
1000,1000,85632
1000,1000,63097
1000,1000,38698
1000,1000,38660
1000,1000,63435
1000,1000,38598
1000,1000,38607
1000,1000,86526
1000,1000,69919
1000,1000,38681
1000,1000,38765
1000,1000,49306
1000,1000,77848
1000,1000,38941
1000,1000,63368
1000,1000,77599
1000,1000,49207
1000,1000,63125
1000,1000,39034
1000,1000,38673
1000,1000,38775
1000,1000,38714
1000,1000,38484
1000,1000,70582
1000,1000,38259
1000,1000,78184
1000,1000,63317
1000,1000,37804
1000,1000,63321
1000,1000,37900
1000,1000,95164
1000,1000,63376
1000,1000,63457
1000,1000,37971
1000,1000,37935
1000,1000,37930
1000,1000,37988
1000,1000,37890
1000,1000,37810
1000,1000,37735
1000,1000,37308
1000,1000,79073
1000,1000,37314
1000,1000,36852
1000,1000,79150
1000,1000,36698
1000,1000,36747
1000,1000,89180
1000,1000,96545
1000,1000,47528
1000,1000,47278
1000,1000,63811
1000,1000,79393
1000,1000,70100
1000,1000,62466
1000,1000,41031
1000,1000,95567
1000,1000,78347
1000,1000,60165
1000,1000,60008
1000,1000,59488
1000,1000,59247
1000,1000,97833
1000,1000,58968
1000,1000,78343
1000,1000,57818
1000,1000,77999
1000,1000,57094
1000,1000,56838
1000,1000,56705
1000,1000,88096
1000,1000,56550
1000,1000,88128
1000,1000,56697
1000,1000,56480
1000,1000,77234
1000,1000,54585
1000,1000,76894
1000,1000,80761
1000,1000,53679
1000,1000,75687
1000,1000,53675
1000,1000,63852
1000,1000,80617
1000,1000,53264
1000,1000,87582
1000,1000,75416
1000,1000,52955
1000,1000,97063
1000,1000,52504
1000,1000,52370
1000,1000,74898
1000,1000,61885
1000,1000,87667
1000,1000,50104
1000,1000,75063
1000,1000,50173
1000,1000,49994
1000,1000,49979
1000,1000,49952
1000,1000,49737
1000,1000,49427
1000,1000,87714
1000,1000,49449
1000,1000,73962
1000,1000,49063
1000,1000,49100
1000,1000,72479
1000,1000,46758
1000,1000,46684
1000,1000,46471
1000,1000,104717
1000,1000,72298
1000,1000,97143
1000,1000,103137
1000,1000,86792
1000,1000,70051
10000,10,33
10000,10,297
10000,10,120
10000,10,5
10000,10,5
10000,10,507
10000,10,716
10000,10,531
10000,10,926
10000,100,19
10000,100,12
10000,100,5
10000,100,277
10000,100,68
10000,100,915
10000,100,45
10000,100,43
10000,100,46
10000,100,45
10000,100,49
10000,100,1743
10000,100,8
10000,100,1654
10000,100,7
10000,100,6
10000,100,3575
10000,100,6
10000,100,9
10000,100,5
10000,100,11
10000,100,6
10000,100,5
10000,100,5
10000,100,5
10000,100,7
10000,100,5
10000,100,5
10000,100,5
10000,100,6
10000,100,7
10000,100,5
10000,100,5
10000,100,1941
10000,100,5
10000,100,5
10000,100,5
10000,100,5
10000,100,5
10000,100,5
10000,100,5
10000,100,5
10000,100,5
10000,100,5
10000,100,5
10000,100,5
10000,100,2273
10000,100,5
10000,100,5
10000,100,2454
10000,100,5
10000,100,5
10000,100,5
10000,100,5
10000,100,5
10000,100,5
10000,100,5
10000,100,5
10000,100,3011
10000,100,3045
10000,100,3166
10000,100,5233
10000,100,3319
10000,100,4262
10000,100,6422
10000,100,4392
10000,100,6650
10000,100,4613
10000,100,4744
10000,100,6973
10000,100,4868
10000,100,4976
10000,100,7340
10000,100,5143
10000,100,11309
10000,100,5494
10000,100,5680
10000,100,5612
10000,100,9909
10000,100,6190
10000,100,12228
10000,100,6143
10000,100,8652
10000,100,6067
10000,100,6303
10000,100,6209
10000,100,10652
10000,100,6170
10000,100,8999
10000,100,6479
10000,100,13665
10000,100,6565
10000,100,10534
10000,100,7685
10000,100,12462
10000,100,10549
10000,100,14160
10000,100,12427
10000,100,12335
10000,1000,22
10000,1000,8
10000,1000,9
10000,1000,18
10000,1000,5
10000,1000,7
10000,1000,5
10000,1000,7
10000,1000,5
10000,1000,5
10000,1000,5
10000,1000,5
10000,1000,6
10000,1000,5
10000,1000,5
10000,1000,5
10000,1000,5
10000,1000,5
10000,1000,5
10000,1000,5
10000,1000,7
10000,1000,9
10000,1000,5
10000,1000,5
10000,1000,5
10000,1000,5
10000,1000,5
10000,1000,5
10000,1000,5
10000,1000,5
10000,1000,5
10000,1000,5
10000,1000,5
10000,1000,5
10000,1000,5
10000,1000,1162
10000,1000,5
10000,1000,5
10000,1000,5
10000,1000,5
10000,1000,5
10000,1000,5
10000,1000,5
10000,1000,5
10000,1000,1520
10000,1000,5
10000,1000,5
10000,1000,5
10000,1000,5
10000,1000,6
10000,1000,5
10000,1000,5
10000,1000,5
10000,1000,61
10000,1000,44
10000,1000,43
10000,1000,43
10000,1000,44
10000,1000,43
10000,1000,7
10000,1000,5
10000,1000,2817
10000,1000,43
10000,1000,43
10000,1000,43
10000,1000,43
10000,1000,2020
10000,1000,3247
10000,1000,59
10000,1000,12
10000,1000,5
10000,1000,7
10000,1000,44
10000,1000,43
10000,1000,43
10000,1000,6
10000,1000,5
10000,1000,4717
10000,1000,5471
10000,1000,17
10000,1000,10
10000,1000,4759
10000,1000,15
10000,1000,5550
10000,1000,5687
10000,1000,19
10000,1000,5
10000,1000,10
10000,1000,5
10000,1000,5
10000,1000,45
10000,1000,43
10000,1000,43
10000,1000,43
10000,1000,43
10000,1000,5
10000,1000,5
10000,1000,5
10000,1000,7
10000,1000,5
10000,1000,5
10000,1000,10860
10000,1000,5
10000,1000,5
10000,1000,6620
10000,1000,192
10000,1000,7027
10000,1000,58
10000,1000,12718
10000,1000,43
10000,1000,43
10000,1000,7830
10000,1000,46
10000,1000,42
10000,1000,41
10000,1000,41
10000,1000,42
10000,1000,42
10000,1000,14105
10000,1000,42
10000,1000,42
10000,1000,53
10000,1000,42
10000,1000,41
10000,1000,41
10000,1000,41
10000,1000,41
10000,1000,42
10000,1000,42
10000,1000,41
10000,1000,41
10000,1000,41
10000,1000,44
10000,1000,42
10000,1000,42
10000,1000,42
10000,1000,43
10000,1000,44
10000,1000,42
10000,1000,49
10000,1000,42
10000,1000,43
10000,1000,42
10000,1000,43
10000,1000,42
10000,1000,45
10000,1000,43
10000,1000,41
10000,1000,5
10000,1000,6
10000,1000,5
10000,1000,4
10000,1000,6
10000,1000,5
10000,1000,5
10000,1000,5
10000,1000,15
10000,1000,5
10000,1000,20746
10000,1000,18228
10000,1000,9
10000,1000,7
10000,1000,8
10000,1000,10
10000,1000,11
10000,1000,18264
10000,1000,18190
10000,1000,22
10000,1000,10
10000,1000,18018
10000,1000,17668
10000,1000,17577
10000,1000,5
10000,1000,5
10000,1000,5
10000,1000,5
10000,1000,5
10000,1000,5
10000,1000,5
10000,1000,14
10000,1000,5
10000,1000,5
10000,1000,16673
10000,1000,5
10000,1000,5
10000,1000,5
10000,1000,5
10000,1000,4
10000,1000,4
10000,1000,16637
10000,1000,4
10000,1000,16597
10000,1000,5
10000,1000,4
10000,1000,16698
10000,1000,4
10000,1000,5
10000,1000,4
10000,1000,6
10000,1000,4
10000,1000,5
10000,1000,5
10000,1000,2294
10000,1000,4
10000,1000,4
10000,1000,8
10000,1000,16
10000,1000,15183
10000,1000,2390
10000,1000,9
10000,1000,2411
10000,1000,10
10000,1000,2400
10000,1000,22201
10000,1000,9
10000,1000,5
10000,1000,2410
10000,1000,2407
10000,1000,7
10000,1000,11436
10000,1000,2374
10000,1000,2387
10000,1000,2367
10000,1000,23511
10000,1000,2390
10000,1000,9
10000,1000,2299
10000,1000,11265
10000,1000,10
10000,1000,11081
10000,1000,18374
10000,1000,18405
10000,1000,9
10000,1000,18443
10000,1000,10483
10000,1000,9
10000,1000,14
10000,1000,9961
10000,1000,14
10000,1000,5
10000,1000,9987
10000,1000,4
10000,1000,5
10000,1000,4
10000,1000,6
10000,1000,4
10000,1000,6
10000,1000,5
10000,1000,5
10000,1000,4
10000,1000,4
10000,1000,5
10000,1000,9780
10000,1000,23198
10000,1000,4
10000,1000,5
10000,1000,9723
10000,1000,5
10000,1000,5
10000,1000,5
10000,1000,4
10000,1000,2186
10000,1000,5
10000,1000,5
10000,1000,4
10000,1000,5
10000,1000,4
10000,1000,5
10000,1000,4
10000,1000,10
10000,1000,4
10000,1000,4
10000,1000,9
10000,1000,9
10000,1000,2355
10000,1000,5
10000,1000,2393
10000,1000,2413
10000,1000,4
10000,1000,4
10000,1000,4
10000,1000,4
10000,1000,12
10000,1000,4
10000,1000,9
10000,1000,4
10000,1000,5
10000,1000,5
10000,1000,2571
10000,1000,2603
10000,1000,2631
10000,1000,5
10000,1000,2638
10000,1000,5
10000,1000,2675
10000,1000,4
10000,1000,5
10000,1000,5
10000,1000,4
10000,1000,5
10000,1000,4
10000,1000,5
10000,1000,2807
10000,1000,5
10000,1000,2855
10000,1000,6767
10000,1000,5
10000,1000,5
10000,1000,5
10000,1000,4
10000,1000,4
10000,1000,4
10000,1000,5
10000,1000,4
10000,1000,4
10000,1000,5
10000,1000,4
10000,1000,4
10000,1000,24918
10000,1000,5
10000,1000,4
10000,1000,4
10000,1000,4
10000,1000,4
10000,1000,5
10000,1000,4
10000,1000,6
10000,1000,5
10000,1000,4
10000,1000,5
10000,1000,5
10000,1000,24407
10000,1000,5
10000,1000,5
10000,1000,5
10000,1000,13
10000,1000,4
10000,1000,4
10000,1000,4
10000,1000,7045
10000,1000,4
10000,1000,10
10000,1000,7058
10000,1000,4
10000,1000,27913
10000,1000,5
10000,1000,8
10000,1000,10613
10000,1000,5
10000,1000,10747
10000,1000,5
10000,1000,27706
10000,1000,5
10000,1000,10888
10000,1000,5
10000,1000,5
10000,1000,5
10000,1000,5
10000,1000,5
10000,1000,4
10000,1000,4
10000,1000,10
10000,1000,5
10000,1000,5
10000,1000,5
10000,1000,4
10000,1000,6
10000,1000,4
10000,1000,4
10000,1000,6
10000,1000,5
10000,1000,4
10000,1000,5
10000,1000,4
10000,1000,6
10000,1000,5
10000,1000,5
10000,1000,5
10000,1000,4
10000,1000,4
10000,1000,4
10000,1000,5
10000,1000,6
10000,1000,4
10000,1000,4
10000,1000,11920
10000,1000,5
10000,1000,4
10000,1000,4
10000,1000,5
10000,1000,4
10000,1000,4
10000,1000,4
10000,1000,5
10000,1000,5
10000,1000,4
10000,1000,5
10000,1000,4
10000,1000,4
10000,1000,4
10000,1000,28774
10000,1000,4
10000,1000,4
10000,1000,9
10000,1000,4
10000,1000,8
10000,1000,12339
10000,1000,4
10000,1000,4
10000,1000,4
10000,1000,29117
10000,1000,4
10000,1000,5
10000,1000,5
10000,1000,12429
10000,1000,4
10000,1000,4
10000,1000,4
10000,1000,4
10000,1000,4
10000,1000,4
10000,1000,4
10000,1000,4
10000,1000,4
10000,1000,4
10000,1000,4
10000,1000,9
10000,1000,4
10000,1000,12559
10000,1000,4
10000,1000,5
10000,1000,5
10000,1000,4
10000,1000,5
10000,1000,6
10000,1000,4
10000,1000,4
10000,1000,4
10000,1000,4
10000,1000,4
10000,1000,4
10000,1000,4
10000,1000,4
10000,1000,4
10000,1000,9
10000,1000,4
10000,1000,4
10000,1000,4
10000,1000,4
10000,1000,4
10000,1000,4
10000,1000,4
10000,1000,4
10000,1000,8
10000,1000,4
10000,1000,4
10000,1000,9
10000,1000,5
10000,1000,6
10000,1000,4
10000,1000,9
10000,1000,4
10000,1000,5
10000,1000,4
10000,1000,4
10000,1000,4
10000,1000,4
10000,1000,4
10000,1000,4
10000,1000,6
10000,1000,4
10000,1000,4
10000,1000,4
10000,1000,4
10000,1000,4
10000,1000,4
10000,1000,4
10000,1000,4
10000,1000,4
10000,1000,4
10000,1000,5
10000,1000,4
10000,1000,4
10000,1000,4
10000,1000,5
10000,1000,4
10000,1000,4
10000,1000,8
10000,1000,4
10000,1000,4
10000,1000,23
10000,1000,9
10000,1000,5
10000,1000,4
10000,1000,4
10000,1000,5247
10000,1000,4
10000,1000,4
10000,1000,4
10000,1000,4
10000,1000,5
10000,1000,4
10000,1000,5
10000,1000,4
10000,1000,16
10000,1000,17381
10000,1000,4
10000,1000,15039
10000,1000,46
10000,1000,50
10000,1000,42
10000,1000,41
10000,1000,53
10000,1000,51
10000,1000,6
10000,1000,5
10000,1000,4
10000,1000,6
10000,1000,5
10000,1000,4
10000,1000,4
10000,1000,5
10000,1000,4
10000,1000,4
10000,1000,4
10000,1000,16047
10000,1000,4
10000,1000,9
10000,1000,4
10000,1000,16152
10000,1000,5
10000,1000,4
10000,1000,4
10000,1000,4
10000,1000,4
10000,1000,5
10000,1000,4
10000,1000,4
10000,1000,4
10000,1000,4
10000,1000,5
10000,1000,8
10000,1000,6
10000,1000,6
10000,1000,5
10000,1000,14
10000,1000,27839
10000,1000,16769
10000,1000,39406
10000,1000,35352
10000,1000,28009
10000,1000,17051
10000,1000,39789
10000,1000,27704
10000,1000,39901
10000,1000,17091
10000,1000,39976
10000,1000,17071
10000,1000,17071
10000,1000,17100
10000,1000,26848
10000,1000,17176
10000,1000,17162
10000,1000,40339
10000,1000,41655
10000,1000,17185
10000,1000,40270
10000,1000,17256
10000,1000,17260
10000,1000,17281
10000,1000,17308
10000,1000,17275
10000,1000,27016
10000,1000,17340
10000,1000,17346
10000,1000,40630
10000,1000,17396
10000,1000,17411
10000,1000,17429
10000,1000,26991
10000,1000,19565
10000,1000,17475
10000,1000,17490
10000,1000,19643
10000,1000,26757
10000,1000,26652
10000,1000,17645
10000,1000,17632
10000,1000,26734
10000,1000,17711
10000,1000,17682
10000,1000,19986
10000,1000,26445
10000,1000,26322
10000,1000,17829
10000,1000,26292
10000,1000,20124
10000,1000,17930
10000,1000,17942
10000,1000,17910
10000,1000,26086
10000,1000,17937
10000,1000,26015
10000,1000,20417
10000,1000,36480
10000,1000,18180
10000,1000,18200
10000,1000,26225
10000,1000,44212
10000,1000,18255
10000,1000,20723
10000,1000,18272
10000,1000,20828
10000,1000,26491
10000,1000,5372
10000,1000,5374
10000,1000,18469
10000,1000,26888
10000,1000,18998
10000,1000,19163
10000,1000,27294
10000,1000,21832
10000,1000,45393
10000,1000,19344
10000,1000,19384
10000,1000,19403
10000,1000,27588
10000,1000,27483
10000,1000,19578
10000,1000,22300
10000,1000,19673
10000,1000,19655
10000,1000,22394
10000,1000,44520
10000,1000,19773
10000,1000,19733
10000,1000,26967
10000,1000,22560
10000,1000,46261
10000,1000,19804
10000,1000,22591
10000,1000,44795
10000,1000,19822
10000,1000,22618
10000,1000,19770
10000,1000,22640
10000,1000,26504
10000,1000,22698
10000,1000,19768
10000,1000,19747
10000,1000,19751
10000,1000,19712
10000,1000,26614
10000,1000,19753
10000,1000,19724
10000,1000,19690
10000,1000,19517
10000,1000,44512
10000,1000,43866
10000,1000,45954
10000,1000,19340
10000,1000,26168
10000,1000,19334
10000,1000,47263
10000,1000,19282
10000,1000,26333
10000,1000,19330
10000,1000,19295
10000,1000,26363
10000,1000,19305
10000,1000,19288
10000,1000,19266
10000,1000,15849
10000,1000,47643
10000,1000,43492
10000,1000,15626
10000,1000,15572
10000,1000,48423
10000,1000,15532
10000,1000,15475
10000,1000,15425
10000,1000,15264
10000,1000,15167
10000,1000,43424
10000,1000,14850
10000,1000,27365
10000,1000,27442
10000,1000,15215
10000,1000,15313
10000,1000,27790
10000,1000,27994
10000,1000,28065
10000,1000,15979
10000,1000,16155
10000,1000,16267
10000,1000,28754
10000,1000,16477
10000,1000,50758
10000,1000,16970
10000,1000,21810
10000,1000,51819
10000,1000,35469
10000,1000,58678
10000,1000,24608
10000,1000,24878
10000,1000,25572
10000,1000,62608
10000,1000,27541
10000,1000,27777
10000,1000,41090
10000,1000,29179
10000,1000,64318
10000,1000,57501
10000,1000,30199
10000,1000,30460
10000,1000,31186
10000,1000,66279
10000,1000,31951
10000,1000,44977
10000,1000,32702
10000,1000,48210
10000,1000,33264
10000,1000,46477
10000,1000,36550
10000,1000,36738
10000,1000,36905
10000,1000,37044
10000,1000,37200
10000,1000,37489
10000,1000,37761
10000,1000,38014
10000,1000,38266
10000,1000,38520
10000,1000,38765
10000,1000,39018
10000,1000,39304
10000,1000,39553
10000,1000,39760
10000,1000,40013
10000,1000,40271
10000,1000,40702
10000,1000,41892
10000,1000,42268
10000,1000,42631
10000,1000,42892
10000,1000,43186
10000,1000,43448
10000,1000,43682
10000,1000,43956
10000,1000,47820
10000,1000,50552
10000,1000,50986
10000,1000,51392
10000,1000,51938
10000,1000,52184
10000,1000,81639
10000,1000,52884
10000,1000,53067
10000,1000,67862
10000,1000,70499
10000,1000,53692
10000,1000,53689
10000,1000,68441
10000,1000,54035
10000,1000,54190
10000,1000,80435
10000,1000,54414
10000,1000,54493
10000,1000,80801
10000,1000,59992
10000,1000,69648
10000,1000,54977
10000,1000,81385
10000,1000,55287
10000,1000,55376
10000,1000,81723
10000,1000,55605
10000,1000,55718
10000,1000,55816
10000,1000,55974
10000,1000,56157
10000,1000,55877
10000,1000,90216
10000,1000,74728
10000,1000,56944
10000,1000,96371
10000,1000,75453
10000,1000,84849
10000,1000,57563
10000,1000,57611
10000,1000,96194
10000,1000,57955
10000,1000,58055
10000,1000,74266
10000,1000,76756
10000,1000,58412
10000,1000,58504
10000,1000,58592
10000,1000,58697
10000,1000,93275
10000,1000,59010
10000,1000,59102
10000,1000,59329
10000,1000,59594
10000,1000,81159
10000,1000,83989
10000,1000,65342
10000,1000,65662
10000,1000,65807
10000,1000,84686
10000,1000,66303
10000,1000,66396
10000,1000,94559
10000,1000,68836
10000,1000,69215
10000,1000,108613
10000,1000,72843
10000,1000,73032
10000,1000,90049
10000,1000,90273
10000,1000,101329
10000,1000,90631
10000,1000,90707
10000,1000,90733
10000,1000,90839
10000,1000,100329
10000,1000,92956
10000,1000,93119
10000,1000,90823
10000,1000,93654
10000,1000,94255
10000,1000,92127
10000,1000,116593
10000,1000,92620
10000,1000,95506
10000,1000,93156
10000,1000,93340
10000,1000,118400
10000,1000,101456
10000,1000,96894
10000,1000,101777
10000,1000,111639
10000,1000,104506
10000,1000,115827
10000,1000,114082
10000,1000,125314
10000,1000,120206
10000,1000,129843
10000,1000,146355
10000,1000,144664
10000,1000,148996
10000,1000,142507
10000,1000,169857
10000,1000,142857
10000,1000,149922
10000,1000,143246
10000,1000,143538
10000,1000,143772
10000,1000,143844
10000,1000,144046
10000,1000,144294
10000,1000,172277
10000,1000,144679
10000,1000,144888
10000,1000,173193
10000,1000,144970
10000,1000,145222
10000,1000,152283
10000,1000,145575
10000,1000,145721
10000,1000,145974
10000,1000,146087
10000,1000,146112
10000,1000,142699
10000,1000,142629
10000,1000,142833
10000,1000,143024
10000,1000,143033
10000,1000,154314
10000,1000,143410
10000,1000,143524
10000,1000,154870
10000,1000,143811
10000,1000,171978
10000,1000,144116
10000,1000,172359
10000,1000,144458
10000,1000,177482
10000,1000,145236
10000,1000,157275
10000,1000,146193
10000,1000,174577
10000,1000,146511
10000,1000,146805
10000,1000,146968
10000,1000,180238
10000,1000,147355
10000,1000,159422
10000,1000,147799
10000,1000,148267
10000,1000,177006
10000,1000,148774
10000,1000,160965
10000,1000,149286
10000,1000,161501
10000,1000,149789
10000,1000,150016
10000,1000,150238
10000,1000,184537
10000,1000,163401
10000,1000,151894
10000,1000,152050
10000,1000,152221
10000,1000,152327
10000,1000,152400
10000,1000,164948
10000,1000,152721
10000,1000,152969
10000,1000,153033
10000,1000,165513
10000,1000,182265
10000,1000,153444
10000,1000,153457
10000,1000,153626
10000,1000,166170
10000,1000,153844
10000,1000,166413
10000,1000,168905
10000,1000,182096
10000,1000,154344
10000,1000,154242
10000,1000,153640
10000,1000,153455
10000,1000,153566
10000,1000,182679
10000,1000,153876
10000,1000,153794
10000,1000,159028
10000,1000,153850
10000,1000,153460
10000,1000,171901
10000,1000,153898
10000,1000,170146
10000,1000,172879
10000,1000,154424
10000,1000,154743
10000,1000,171431
10000,1000,154941
10000,1000,181723
10000,1000,171412
10000,1000,171216
10000,1000,170806
10000,1000,173294
10000,1000,170812
10000,1000,197019
10000,1000,170569
10000,1000,170314
10000,1000,173338
10000,1000,195553
10000,1000,198020
10000,1000,177313
10000,1000,178077
10000,1000,179650
10000,1000,181548
100000,10,5
100000,10,5
100000,10,313
100000,10,28
100000,10,4
100000,10,69
100000,10,195
100000,10,25
100000,10,281
100000,10,325
10000,1000,178343
10000,1000,178486
10000,1000,175496
100000,100,30
100000,100,22
100000,100,84
100000,100,6
100000,100,15
100000,100,61
100000,100,11
100000,100,43
100000,100,43
100000,100,24
100000,100,44
100000,100,42
100000,100,43
100000,100,42
100000,100,42
100000,100,42
100000,100,41
100000,100,42
100000,100,42
100000,100,41
100000,100,45
100000,100,41
100000,100,42
100000,100,41
100000,100,41
100000,100,41
100000,100,42
100000,100,2666
100000,100,2893
100000,100,5
100000,100,5
100000,100,9
100000,100,4
100000,100,5
100000,100,4
100000,100,5
100000,100,4
100000,100,4
100000,100,4
100000,100,4
100000,100,4
100000,100,4
100000,100,4
100000,100,5
100000,100,6
100000,100,4
100000,100,4791
100000,100,5
100000,100,4
100000,100,4
100000,100,4
100000,100,10
100000,100,12169
100000,100,5
100000,100,4
100000,100,4
100000,100,4
100000,100,4
100000,100,2115
100000,100,5073
100000,100,2277
100000,100,13160
100000,100,5158
100000,100,2302
100000,100,2390
100000,100,2429
100000,100,2510
100000,100,13977
100000,100,5095
100000,100,2696
100000,100,2692
100000,100,14326
100000,100,2726
100000,100,14621
100000,100,8306
100000,100,8185
100000,100,3393
100000,100,15359
100000,100,3782
100000,100,3844
100000,100,4254
100000,100,4139
100000,100,4237
100000,100,6182
100000,100,6161
100000,100,4464
100000,100,6303
100000,100,4609
100000,100,4520
100000,100,9718
100000,100,6524
100000,100,9806
100000,100,6526
100000,100,8780
100000,100,5952
100000,100,8266
100000,100,17616
100000,100,9273
100000,100,6521
100000,100,6018
100000,1000,21
100000,1000,8
100000,1000,16
100000,1000,7
100000,1000,8
100000,1000,14
100000,1000,15
100000,1000,19
100000,1000,136
100000,1000,13
100000,1000,17
100000,1000,14
100000,1000,54
100000,1000,175
100000,1000,61
100000,1000,211
100000,1000,164
100000,1000,189
100000,1000,18
100000,1000,203
100000,1000,64
100000,1000,8
100000,1000,246
100000,1000,8
100000,1000,53
100000,1000,327
100000,1000,5
100000,1000,12
100000,1000,6
100000,1000,451
100000,1000,75
100000,1000,72
100000,1000,78
100000,1000,13
100000,1000,53
100000,1000,68
100000,1000,8
100000,1000,8
100000,1000,83
100000,1000,794
100000,1000,1166
100000,1000,930
100000,1000,9
100000,1000,93
100000,1000,8
100000,1000,1347
100000,1000,80
100000,1000,13
100000,1000,92
100000,1000,14
100000,1000,699
100000,1000,79
100000,1000,1227
100000,1000,75
100000,1000,758
100000,1000,89
100000,1000,12
100000,1000,109
100000,1000,929
100000,1000,93
100000,1000,8
100000,1000,97
100000,1000,77
100000,1000,842
100000,1000,831
100000,1000,1544
100000,1000,905
100000,1000,1628
100000,1000,970
100000,1000,2078
100000,1000,1090
100000,1000,1698
100000,1000,1060
100000,1000,12
100000,1000,19
100000,1000,85
100000,1000,12
100000,1000,96
100000,1000,110
100000,1000,8
100000,1000,146
100000,1000,9
100000,1000,9
100000,1000,2518
100000,1000,166
100000,1000,27
100000,1000,8
100000,1000,1316
100000,1000,19
100000,1000,260
100000,1000,268
100000,1000,13
100000,1000,279
100000,1000,281
100000,1000,13
100000,1000,2386
100000,1000,296
100000,1000,13
100000,1000,313
100000,1000,12
100000,1000,323
100000,1000,334
100000,1000,3021
100000,1000,327
100000,1000,321
100000,1000,320
100000,1000,2542
100000,1000,331
100000,1000,13
100000,1000,3170
100000,1000,327
100000,1000,1853
100000,1000,15
100000,1000,352
100000,1000,364
100000,1000,360
100000,1000,13
100000,1000,396
100000,1000,9
100000,1000,398
100000,1000,2796
100000,1000,404
100000,1000,12
100000,1000,411
100000,1000,13
100000,1000,8
100000,1000,12
100000,1000,1621
100000,1000,414
100000,1000,13
100000,1000,8
100000,1000,12
100000,1000,425
100000,1000,13
100000,1000,12
100000,1000,13
100000,1000,465
100000,1000,2891
100000,1000,467
100000,1000,1699
100000,1000,477
100000,1000,12
100000,1000,16
100000,1000,3076
100000,1000,551
100000,1000,1669
100000,1000,564
100000,1000,542
100000,1000,8
100000,1000,557
100000,1000,5
100000,1000,12
100000,1000,563
100000,1000,585
100000,1000,2082
100000,1000,611
100000,1000,615
100000,1000,3445
100000,1000,8
100000,1000,16
100000,1000,13
100000,1000,1879
100000,1000,12
100000,1000,649
100000,1000,2214
100000,1000,14
100000,1000,649
100000,1000,2300
100000,1000,19
100000,1000,681
100000,1000,9
100000,1000,694
100000,1000,698
100000,1000,8
100000,1000,22
100000,1000,2033
100000,1000,2005
100000,1000,5488
100000,1000,609
100000,1000,612
100000,1000,13
100000,1000,13
100000,1000,5372
100000,1000,621
100000,1000,640
100000,1000,646
100000,1000,2581
100000,1000,646
100000,1000,7
100000,1000,13
100000,1000,678
100000,1000,665
100000,1000,12
100000,1000,688
100000,1000,6
100000,1000,2279
100000,1000,715
100000,1000,5
100000,1000,757
100000,1000,761
100000,1000,4040
100000,1000,794
100000,1000,816
100000,1000,2498
100000,1000,871
100000,1000,14
100000,1000,910
100000,1000,3189
100000,1000,954
100000,1000,2809
100000,1000,1036
100000,1000,4421
100000,1000,9
100000,1000,3400
100000,1000,5869
100000,1000,972
100000,1000,947
100000,1000,4582
100000,1000,901
100000,1000,4565
100000,1000,3445
100000,1000,876
100000,1000,848
100000,1000,3502
100000,1000,3505
100000,1000,802
100000,1000,785
100000,1000,788
100000,1000,2879
100000,1000,6517
100000,1000,3352
100000,1000,4742
100000,1000,6598
100000,1000,6655
100000,1000,659
100000,1000,5196
100000,1000,2744
100000,1000,3420
100000,1000,637
100000,1000,4910
100000,1000,4920
100000,1000,3477
100000,1000,8408
100000,1000,13
100000,1000,13
100000,1000,9
100000,1000,394
100000,1000,381
100000,1000,6666
100000,1000,376
100000,1000,2861
100000,1000,3544
100000,1000,382
100000,1000,5628
100000,1000,13
100000,1000,3621
100000,1000,20
100000,1000,3654
100000,1000,371
100000,1000,14
100000,1000,8102
100000,1000,395
100000,1000,14
100000,1000,3794
100000,1000,431
100000,1000,434
100000,1000,17
100000,1000,3881
100000,1000,13
100000,1000,16
100000,1000,6
100000,1000,6041
100000,1000,3152
100000,1000,497
100000,1000,20
100000,1000,13
100000,1000,550
100000,1000,552
100000,1000,9
100000,1000,4069
100000,1000,6
100000,1000,555
100000,1000,586
100000,1000,13
100000,1000,13
100000,1000,636
100000,1000,4287
100000,1000,13
100000,1000,18
100000,1000,645
100000,1000,13
100000,1000,668
100000,1000,673
100000,1000,4
100000,1000,671
100000,1000,769
100000,1000,9197
100000,1000,12
100000,1000,6393
100000,1000,792
100000,1000,799
100000,1000,814
100000,1000,3391
100000,1000,876
100000,1000,903
100000,1000,7
100000,1000,6313
100000,1000,929
100000,1000,940
100000,1000,16
100000,1000,953
100000,1000,9728
100000,1000,9
100000,1000,6049
100000,1000,16
100000,1000,2949
100000,1000,9
100000,1000,13
100000,1000,6436
100000,1000,3049
100000,1000,3069
100000,1000,6542
100000,1000,6567
100000,1000,3673
100000,1000,11436
100000,1000,3202
100000,1000,686
100000,1000,12
100000,1000,6151
100000,1000,6
100000,1000,639
100000,1000,10
100000,1000,6792
100000,1000,4
100000,1000,18
100000,1000,3315
100000,1000,8821
100000,1000,8872
100000,1000,8
100000,1000,3313
100000,1000,534
100000,1000,13
100000,1000,6
100000,1000,3372
100000,1000,538
100000,1000,13
100000,1000,12
100000,1000,572
100000,1000,9
100000,1000,562
100000,1000,565
100000,1000,574
100000,1000,605
100000,1000,8
100000,1000,621
100000,1000,617
100000,1000,633
100000,1000,7
100000,1000,3836
100000,1000,17
100000,1000,14
100000,1000,654
100000,1000,13
100000,1000,3292
100000,1000,13
100000,1000,32
100000,1000,3919
100000,1000,665
100000,1000,679
100000,1000,700
100000,1000,13
100000,1000,4086
100000,1000,8
100000,1000,14
100000,1000,754
100000,1000,12
100000,1000,4204
100000,1000,9
100000,1000,8
100000,1000,7832
100000,1000,817
100000,1000,7
100000,1000,3710
100000,1000,20
100000,1000,871
100000,1000,9
100000,1000,5
100000,1000,3810
100000,1000,873
100000,1000,885
100000,1000,20
100000,1000,13
100000,1000,902
100000,1000,9
100000,1000,909
100000,1000,9
100000,1000,3917
100000,1000,894
100000,1000,896
100000,1000,14
100000,1000,4545
100000,1000,14
100000,1000,13
100000,1000,11900
100000,1000,3556
100000,1000,843
100000,1000,13
100000,1000,852
100000,1000,13
100000,1000,16
100000,1000,13
100000,1000,901
100000,1000,11757
100000,1000,10652
100000,1000,3817
100000,1000,4814
100000,1000,9
100000,1000,23
100000,1000,12293
100000,1000,13
100000,1000,949
100000,1000,14
100000,1000,959
100000,1000,8
100000,1000,930
100000,1000,14
100000,1000,958
100000,1000,10
100000,1000,13
100000,1000,954
100000,1000,941
100000,1000,9
100000,1000,12
100000,1000,13
100000,1000,12
100000,1000,964
100000,1000,9
100000,1000,969
100000,1000,4714
100000,1000,13
100000,1000,997
100000,1000,4090
100000,1000,9907
100000,1000,14
100000,1000,12
100000,1000,1044
100000,1000,9
100000,1000,1048
100000,1000,8
100000,1000,1052
100000,1000,13
100000,1000,13
100000,1000,1073
100000,1000,10009
100000,1000,1043
100000,1000,14
100000,1000,4669
100000,1000,7
100000,1000,1036
100000,1000,7351
100000,1000,1067
100000,1000,13
100000,1000,5
100000,1000,4195
100000,1000,18
100000,1000,14
100000,1000,7529
100000,1000,1057
100000,1000,10
100000,1000,13
100000,1000,1068
100000,1000,1065
100000,1000,1067
100000,1000,7721
100000,1000,8133
100000,1000,13
100000,1000,1090
100000,1000,9
100000,1000,1107
100000,1000,13
100000,1000,13
100000,1000,14
100000,1000,23
100000,1000,14
100000,1000,26
100000,1000,8
100000,1000,13
100000,1000,1160
100000,1000,9
100000,1000,5097
100000,1000,7
100000,1000,13
100000,1000,4564
100000,1000,1165
100000,1000,13
100000,1000,5243
100000,1000,1215
100000,1000,14
100000,1000,21
100000,1000,13
100000,1000,13
100000,1000,1310
100000,1000,8
100000,1000,9
100000,1000,1327
100000,1000,8200
100000,1000,5515
100000,1000,1320
100000,1000,1315
100000,1000,1313
100000,1000,1311
100000,1000,8
100000,1000,4952
100000,1000,8873
100000,1000,12381
100000,1000,5030
100000,1000,8333
100000,1000,13
100000,1000,1326
100000,1000,8
100000,1000,8976
100000,1000,1319
100000,1000,14
100000,1000,6
100000,1000,1316
100000,1000,4990
100000,1000,4930
100000,1000,9134
100000,1000,1326
100000,1000,13
100000,1000,13
100000,1000,12
100000,1000,1376
100000,1000,9204
100000,1000,1364
100000,1000,1367
100000,1000,4782
100000,1000,1380
100000,1000,1394
100000,1000,1405
100000,1000,1407
100000,1000,12
100000,1000,15
100000,1000,5786
100000,1000,1425
100000,1000,13
100000,1000,1420
100000,1000,1432
100000,1000,13
100000,1000,5924
100000,1000,10
100000,1000,9559
100000,1000,1429
100000,1000,5977
100000,1000,15497
100000,1000,1401
100000,1000,17
100000,1000,5183
100000,1000,7
100000,1000,13551
100000,1000,9
100000,1000,9
100000,1000,8
100000,1000,5345
100000,1000,15414
100000,1000,1369
100000,1000,9
100000,1000,13848
100000,1000,9
100000,1000,1359
100000,1000,6425
100000,1000,5575
100000,1000,13
100000,1000,1369
100000,1000,14
100000,1000,6549
100000,1000,1396
100000,1000,1414
100000,1000,13
100000,1000,13116
100000,1000,13
100000,1000,1454
100000,1000,9
100000,1000,6721
100000,1000,9
100000,1000,1486
100000,1000,18
100000,1000,6838
100000,1000,6
100000,1000,8
100000,1000,10502
100000,1000,6812
100000,1000,1503
100000,1000,1510
100000,1000,5955
100000,1000,1535
100000,1000,1504
100000,1000,1485
100000,1000,1472
100000,1000,1468
100000,1000,14
100000,1000,13
100000,1000,1475
100000,1000,16
100000,1000,9828
100000,1000,7
100000,1000,18
100000,1000,1477
100000,1000,13
100000,1000,6
100000,1000,21
100000,1000,7
100000,1000,14
100000,1000,1493
100000,1000,5905
100000,1000,1464
100000,1000,1465
100000,1000,14
100000,1000,14
100000,1000,5987
100000,1000,13
100000,1000,6973
100000,1000,1524
100000,1000,13
100000,1000,1518
100000,1000,5934
100000,1000,14
100000,1000,4
100000,1000,15898
100000,1000,1583
100000,1000,6097
100000,1000,10620
100000,1000,5
100000,1000,13348
100000,1000,1626
100000,1000,13505
100000,1000,4
100000,1000,4
100000,1000,1725
100000,1000,7223
100000,1000,1754
100000,1000,1764
100000,1000,1778
100000,1000,1777
100000,1000,6129
100000,1000,6156
100000,1000,7242
100000,1000,1781
100000,1000,16789
100000,1000,7315
100000,1000,7333
100000,1000,6322
100000,1000,11302
100000,1000,1863
100000,1000,5
100000,1000,1907
100000,1000,17226
100000,1000,1913
100000,1000,6444
100000,1000,14814
100000,1000,11635
100000,1000,6567
100000,1000,6550
100000,1000,1837
100000,1000,7
100000,1000,7771
100000,1000,11787
100000,1000,13
100000,1000,7
100000,1000,1735
100000,1000,8
100000,1000,7760
100000,1000,1682
100000,1000,6461
100000,1000,7773
100000,1000,22
100000,1000,11350
100000,1000,7857
100000,1000,6564
100000,1000,15273
100000,1000,14
100000,1000,16
100000,1000,21
100000,1000,12218
100000,1000,7973
100000,1000,11539
100000,1000,6510
100000,1000,1224
100000,1000,9
100000,1000,13
100000,1000,7837
100000,1000,13
100000,1000,1143
100000,1000,22
100000,1000,18
100000,1000,14
100000,1000,1180
100000,1000,7923
100000,1000,16
100000,1000,12195
100000,1000,24
100000,1000,1245
100000,1000,9
100000,1000,1231
100000,1000,1213
100000,1000,1225
100000,1000,1229
100000,1000,6675
100000,1000,13
100000,1000,1241
100000,1000,8109
100000,1000,13
100000,1000,8139
100000,1000,9
100000,1000,1238
100000,1000,1218
100000,1000,7
100000,1000,1218
100000,1000,1223
100000,1000,14
100000,1000,6652
100000,1000,12654
100000,1000,8
100000,1000,8
100000,1000,15707
100000,1000,16
100000,1000,6731
100000,1000,12856
100000,1000,12
100000,1000,1170
100000,1000,1183
100000,1000,1155
100000,1000,1162
100000,1000,1167
100000,1000,20457
100000,1000,1157
100000,1000,1181
100000,1000,6889
100000,1000,1165
100000,1000,1157
100000,1000,8203
100000,1000,6864
100000,1000,1151
100000,1000,1161
100000,1000,8323
100000,1000,1186
100000,1000,8351
100000,1000,8344
100000,1000,12484
100000,1000,1170
100000,1000,8420
100000,1000,8437
100000,1000,1167
100000,1000,13491
100000,1000,7145
100000,1000,7201
100000,1000,1248
100000,1000,1303
100000,1000,8676
100000,1000,1329
100000,1000,7354
100000,1000,17520
100000,1000,7239
100000,1000,1389
100000,1000,1423
100000,1000,1580
100000,1000,7505
100000,1000,23452
100000,1000,1620
100000,1000,13369
100000,1000,7549
100000,1000,7531
100000,1000,18056
100000,1000,7573
100000,1000,9098
100000,1000,28033
100000,1000,7667
100000,1000,13545
100000,1000,18165
100000,1000,7552
100000,1000,9088
100000,1000,13509
100000,1000,7704
100000,1000,14509
100000,1000,13494
100000,1000,28794
100000,1000,13511
100000,1000,7841
100000,1000,7843
100000,1000,25953
100000,1000,27367
100000,1000,9422
100000,1000,14744
100000,1000,8040
100000,1000,8027
100000,1000,18761
100000,1000,8088
100000,1000,8156
100000,1000,9615
100000,1000,18015
100000,1000,19008
100000,1000,8199
100000,1000,14056
100000,1000,24376
100000,1000,26209
100000,1000,8306
100000,1000,29030
100000,1000,24683
100000,1000,8388
100000,1000,21297
100000,1000,8309
100000,1000,15297
100000,1000,14292
100000,1000,14244
100000,1000,8365
100000,1000,8361
100000,1000,15379
100000,1000,29177
100000,1000,9859
100000,1000,14405
100000,1000,15429
100000,1000,8200
100000,1000,19051
100000,1000,18452
100000,1000,19045
100000,1000,9662
100000,1000,9529
100000,1000,9407
100000,1000,18276
100000,1000,21725
100000,1000,9293
100000,1000,13867
100000,1000,15051
100000,1000,7412
100000,1000,27211
100000,1000,14999
100000,1000,18464
100000,1000,15005
100000,1000,19155
100000,1000,7033
100000,1000,22340
100000,1000,14970
100000,1000,13722
100000,1000,19246
100000,1000,13812
100000,1000,7153
100000,1000,31638
100000,1000,15095
100000,1000,13703
100000,1000,7234
100000,1000,13732
100000,1000,13711
100000,1000,8419
100000,1000,29659
100000,1000,18853
100000,1000,7293
100000,1000,13828
100000,1000,7313
100000,1000,8502
100000,1000,13765
100000,1000,8573
100000,1000,7459
100000,1000,7460
100000,1000,8726
100000,1000,22632
100000,1000,8695
100000,1000,30322
