M,N,accessTime
1000,10,49
1000,10,51
1000,10,79
1000,10,669
1000,10,49
1000,10,1660
1000,10,2702
1000,10,707
1000,10,1137
1000,100,116
1000,100,256
1000,100,271
1000,100,533
1000,100,593
1000,100,35
1000,100,37
1000,100,36
1000,100,35
1000,100,33
1000,100,36
1000,100,34
1000,100,34
1000,100,3070
1000,100,42
1000,100,49
1000,100,35
1000,100,40
1000,100,57
1000,100,36
1000,100,35
1000,100,1710
1000,100,4619
1000,100,37
1000,100,45
1000,100,33
1000,100,43
1000,100,44
1000,100,32
1000,100,33
1000,100,31
1000,100,6717
1000,100,32
1000,100,30
1000,100,37
1000,100,32
1000,100,38
1000,100,39
1000,100,32
1000,100,34
1000,100,41
1000,100,31
1000,100,5203
1000,100,36
1000,100,37
1000,100,32
1000,100,33
1000,100,10826
1000,100,34
1000,100,39
1000,100,31
1000,100,31
1000,100,33
1000,100,30
1000,100,33
1000,100,12060
1000,100,3870
1000,100,12337
1000,100,4075
1000,100,18106
1000,100,12422
1000,100,3310
1000,100,18376
1000,100,12218
1000,100,19783
1000,100,18659
1000,100,18250
1000,100,13211
1000,100,18277
1000,100,13475
1000,100,18602
1000,100,13737
1000,100,16027
1000,100,10711
1000,100,10530
1000,100,10629
1000,100,19631
1000,100,10840
1000,100,10502
1000,100,20624
1000,100,25289
1000,100,11090
1000,100,25825
1000,100,14037
1000,100,10500
1000,100,21656
1000,100,10384
1000,100,10289
1000,100,24243
1000,100,26112
1000,100,16306
1000,100,24927
1000,100,24862
1000,100,15525
1000,100,13202
1000,100,23511
1000,100,27348
1000,100,29737
1000,1000,197
1000,1000,522
1000,1000,47
1000,1000,61
1000,1000,550
1000,1000,35
1000,1000,27
1000,1000,47
1000,1000,32
1000,1000,38
1000,1000,6168
1000,1000,37
1000,1000,7554
1000,1000,28
1000,1000,38
1000,1000,23
1000,1000,34
1000,1000,8102
1000,1000,22
1000,1000,7277
1000,1000,26
1000,1000,24
1000,1000,23
1000,1000,28
1000,1000,23
1000,1000,22
1000,1000,24
1000,1000,37
1000,1000,43
1000,1000,7028
1000,1000,34
1000,1000,7081
1000,1000,16
1000,1000,19
1000,1000,37
1000,1000,14
1000,1000,24
1000,1000,13
1000,1000,18
1000,1000,15
1000,1000,13
1000,1000,5089
1000,1000,14
1000,1000,13
1000,1000,7713
1000,1000,15
1000,1000,7732
1000,1000,16
1000,1000,18
1000,1000,14
1000,1000,27
1000,1000,15
1000,1000,17
1000,1000,15
1000,1000,22
1000,1000,14
1000,1000,14
1000,1000,13694
1000,1000,17
1000,1000,2024
1000,1000,17
1000,1000,16
1000,1000,14
1000,1000,14
1000,1000,1992
1000,1000,15
1000,1000,15
1000,1000,16
1000,1000,18
1000,1000,17
1000,1000,2307
1000,1000,15
1000,1000,17
1000,1000,17
1000,1000,20
1000,1000,11237
1000,1000,20
1000,1000,17238
1000,1000,16
1000,1000,13
1000,1000,12
1000,1000,13341
1000,1000,17
1000,1000,6712
1000,1000,15
1000,1000,16
1000,1000,15
1000,1000,3339
1000,1000,15
1000,1000,15
1000,1000,17
1000,1000,18
1000,1000,14681
1000,1000,7307
1000,1000,16
1000,1000,15
1000,1000,16
1000,1000,15
1000,1000,17
1000,1000,15
1000,1000,20
1000,1000,14
1000,1000,16
1000,1000,14
1000,1000,14
1000,1000,17
1000,1000,18
1000,1000,15
1000,1000,14
1000,1000,15
1000,1000,16
1000,1000,16518
1000,1000,16
1000,1000,16
1000,1000,15
1000,1000,14
1000,1000,16
1000,1000,13
1000,1000,18
1000,1000,16
1000,1000,14
1000,1000,17
1000,1000,9132
1000,1000,16
1000,1000,16
1000,1000,30
1000,1000,17
1000,1000,9223
1000,1000,14
1000,1000,14
1000,1000,13
1000,1000,21
1000,1000,40
1000,1000,19389
1000,1000,16
1000,1000,14
1000,1000,18486
1000,1000,21
1000,1000,9934
1000,1000,14
1000,1000,14
1000,1000,22
1000,1000,20
1000,1000,20
1000,1000,10198
1000,1000,19
1000,1000,10477
1000,1000,15
1000,1000,20
1000,1000,13
1000,1000,13
1000,1000,13
1000,1000,10948
1000,1000,15
1000,1000,22
1000,1000,19651
1000,1000,14
1000,1000,18
1000,1000,14
1000,1000,14
1000,1000,15
1000,1000,15
1000,1000,14
1000,1000,16
1000,1000,13
1000,1000,16
1000,1000,14
1000,1000,17
1000,1000,15
1000,1000,14
1000,1000,12499
1000,1000,14
1000,1000,15
1000,1000,13
1000,1000,22
1000,1000,20
1000,1000,15
1000,1000,13
1000,1000,25152
1000,1000,17
1000,1000,16
1000,1000,14
1000,1000,13
1000,1000,15
1000,1000,14
1000,1000,19
1000,1000,16
1000,1000,13166
1000,1000,14
1000,1000,12
1000,1000,13
1000,1000,12
1000,1000,14
1000,1000,13632
1000,1000,23
1000,1000,23
1000,1000,15
1000,1000,19
1000,1000,19
1000,1000,13
1000,1000,12
1000,1000,14
1000,1000,17
1000,1000,15
1000,1000,14560
1000,1000,14
1000,1000,17
1000,1000,15
1000,1000,14
1000,1000,12
1000,1000,13
1000,1000,29059
1000,1000,14
1000,1000,15041
1000,1000,14
1000,1000,21803
1000,1000,28
1000,1000,17
1000,1000,14
1000,1000,14
1000,1000,13
1000,1000,12
1000,1000,14
1000,1000,12
1000,1000,12
1000,1000,37708
1000,1000,15
1000,1000,13
1000,1000,13
1000,1000,22
1000,1000,13
1000,1000,12
1000,1000,19
1000,1000,13
1000,1000,14
1000,1000,13
1000,1000,13
1000,1000,16566
1000,1000,15
1000,1000,12
1000,1000,12
1000,1000,16
1000,1000,15
1000,1000,16996
1000,1000,14
1000,1000,13
1000,1000,12
1000,1000,12
1000,1000,7235
1000,1000,14
1000,1000,17375
1000,1000,15
1000,1000,16714
1000,1000,25252
1000,1000,16822
1000,1000,17
1000,1000,16966
1000,1000,14
1000,1000,15
1000,1000,7035
1000,1000,14
1000,1000,13
1000,1000,15
1000,1000,15
1000,1000,19
1000,1000,18
1000,1000,15
1000,1000,13
1000,1000,13
1000,1000,17740
1000,1000,14
1000,1000,14
1000,1000,14
1000,1000,20
1000,1000,15
1000,1000,14
1000,1000,15
1000,1000,24416
1000,1000,13825
1000,1000,20
1000,1000,15
1000,1000,12
1000,1000,14
1000,1000,33766
1000,1000,16
1000,1000,24795
1000,1000,20
1000,1000,16
1000,1000,16
1000,1000,14
1000,1000,24980
1000,1000,14
1000,1000,16
1000,1000,13
1000,1000,34679
1000,1000,14201
1000,1000,16
1000,1000,16
1000,1000,14
1000,1000,14390
1000,1000,25699
1000,1000,14
1000,1000,25897
1000,1000,16
1000,1000,14
1000,1000,16
1000,1000,29
1000,1000,17
1000,1000,19
1000,1000,16
1000,1000,14
1000,1000,13
1000,1000,14
1000,1000,15
1000,1000,15
1000,1000,16
1000,1000,14
1000,1000,18
1000,1000,62
1000,1000,26380
1000,1000,31
1000,1000,16
1000,1000,15
1000,1000,46
1000,1000,15
1000,1000,14
1000,1000,26656
1000,1000,25
1000,1000,15
1000,1000,14
1000,1000,14399
1000,1000,14
1000,1000,14
1000,1000,27027
1000,1000,16
1000,1000,14
1000,1000,14
1000,1000,14366
1000,1000,18
1000,1000,14
1000,1000,15
1000,1000,26848
1000,1000,14
1000,1000,14
1000,1000,16
1000,1000,15
1000,1000,14
1000,1000,13
1000,1000,13
1000,1000,15
1000,1000,28
1000,1000,19
1000,1000,12
1000,1000,14
1000,1000,21
1000,1000,14
1000,1000,13
1000,1000,16
1000,1000,14
1000,1000,13
1000,1000,40251
1000,1000,48577
1000,1000,27687
1000,1000,28062
1000,1000,15
1000,1000,28004
1000,1000,27951
1000,1000,15
1000,1000,20
1000,1000,17
1000,1000,40674
1000,1000,13
1000,1000,16
1000,1000,13
1000,1000,14
1000,1000,17
1000,1000,15
1000,1000,27
1000,1000,17
1000,1000,15
1000,1000,52111
1000,1000,16
1000,1000,14
1000,1000,14
1000,1000,34086
1000,1000,14
1000,1000,8869
1000,1000,28180
1000,1000,16
1000,1000,12
1000,1000,42190
1000,1000,12
1000,1000,12
1000,1000,11
1000,1000,28385
1000,1000,16
1000,1000,28597
1000,1000,14
1000,1000,12
1000,1000,11
1000,1000,12
1000,1000,42283
1000,1000,22
1000,1000,20
1000,1000,35175
1000,1000,11
1000,1000,46099
1000,1000,16
1000,1000,15
1000,1000,13
1000,1000,13
1000,1000,13
1000,1000,13
1000,1000,13
1000,1000,13
1000,1000,9232
1000,1000,13
1000,1000,30004
1000,1000,9365
1000,1000,73
1000,1000,50191
1000,1000,19
1000,1000,24
1000,1000,30076
1000,1000,22
1000,1000,68
1000,1000,15
1000,1000,16
1000,1000,17
1000,1000,14
1000,1000,30576
1000,1000,14
1000,1000,12
1000,1000,11
1000,1000,11
1000,1000,11
1000,1000,11
1000,1000,14
1000,1000,30722
1000,1000,12
1000,1000,12
1000,1000,11
1000,1000,30907
1000,1000,19
1000,1000,13
1000,1000,11
1000,1000,11
1000,1000,11
1000,1000,11
1000,1000,9832
1000,1000,11
1000,1000,12
1000,1000,11
1000,1000,14
1000,1000,12
1000,1000,15
1000,1000,15
1000,1000,11
1000,1000,12
1000,1000,14
1000,1000,12
1000,1000,11
1000,1000,11
1000,1000,17
1000,1000,31954
1000,1000,31904
1000,1000,12
1000,1000,11
1000,1000,32104
1000,1000,13
1000,1000,12
1000,1000,12
1000,1000,11
1000,1000,48533
1000,1000,30
1000,1000,17
1000,1000,13
1000,1000,33737
1000,1000,16
1000,1000,13
1000,1000,12
1000,1000,11430
1000,1000,55757
1000,1000,33870
1000,1000,26
1000,1000,33
1000,1000,18
1000,1000,49370
1000,1000,15
1000,1000,18
1000,1000,13
1000,1000,12
1000,1000,11
1000,1000,14
1000,1000,11925
1000,1000,15
1000,1000,11950
1000,1000,18
1000,1000,12229
1000,1000,20
1000,1000,19
1000,1000,12309
1000,1000,12084
1000,1000,12088
1000,1000,33
1000,1000,18
1000,1000,18
1000,1000,16
1000,1000,22
1000,1000,18
1000,1000,83
1000,1000,27
1000,1000,81
1000,1000,51832
1000,1000,18
1000,1000,17
1000,1000,17
1000,1000,35791
1000,1000,19
1000,1000,21
1000,1000,19
1000,1000,17
1000,1000,19
1000,1000,18
1000,1000,17
1000,1000,20
1000,1000,20
1000,1000,18
1000,1000,14457
1000,1000,22
1000,1000,36880
1000,1000,53912
1000,1000,19
1000,1000,19
1000,1000,37246
1000,1000,25
1000,1000,37416
1000,1000,34
1000,1000,18
1000,1000,51
1000,1000,18
1000,1000,23
1000,1000,37822
1000,1000,18
1000,1000,17
1000,1000,21
1000,1000,17
1000,1000,17
1000,1000,19
1000,1000,19
1000,1000,22
1000,1000,19
1000,1000,16196
1000,1000,17
1000,1000,20
1000,1000,16078
1000,1000,15
1000,1000,39089
1000,1000,16
1000,1000,18
1000,1000,16174
1000,1000,17
1000,1000,16208
1000,1000,42
1000,1000,19
1000,1000,32
1000,1000,14
1000,1000,14
1000,1000,65557
1000,1000,40177
1000,1000,61443
1000,1000,40198
1000,1000,57423
1000,1000,40343
1000,1000,40444
1000,1000,16568
1000,1000,83135
1000,1000,40636
1000,1000,40785
1000,1000,41081
1000,1000,41100
1000,1000,41069
1000,1000,59409
1000,1000,48830
1000,1000,16908
1000,1000,68509
1000,1000,17165
1000,1000,60066
1000,1000,35640
1000,1000,77923
1000,1000,84480
1000,1000,16669
1000,1000,50502
1000,1000,16732
1000,1000,36889
1000,1000,50918
1000,1000,61631
1000,1000,16887
1000,1000,16941
1000,1000,61948
1000,1000,17006
1000,1000,37539
1000,1000,37625
1000,1000,37954
1000,1000,62621
1000,1000,52132
1000,1000,17361
1000,1000,17357
1000,1000,38216
1000,1000,63112
1000,1000,17242
1000,1000,38538
1000,1000,17321
1000,1000,17341
1000,1000,17371
1000,1000,39082
1000,1000,39156
1000,1000,39153
1000,1000,17031
1000,1000,38909
1000,1000,17079
1000,1000,39246
1000,1000,39353
1000,1000,39391
1000,1000,39484
1000,1000,39435
1000,1000,39549
1000,1000,16135
1000,1000,39704
1000,1000,39643
1000,1000,39660
1000,1000,75275
1000,1000,39810
1000,1000,15800
1000,1000,39978
1000,1000,54347
1000,1000,15817
1000,1000,15824
1000,1000,66472
1000,1000,40401
1000,1000,15707
1000,1000,40230
1000,1000,40190
1000,1000,40203
1000,1000,40652
1000,1000,67324
1000,1000,40924
1000,1000,67731
1000,1000,40728
1000,1000,40827
1000,1000,67363
1000,1000,15736
1000,1000,40868
1000,1000,15768
1000,1000,40952
1000,1000,15817
1000,1000,41010
1000,1000,40920
1000,1000,15803
1000,1000,89890
1000,1000,15805
1000,1000,68291
1000,1000,41383
1000,1000,68508
1000,1000,41705
1000,1000,68697
1000,1000,41697
1000,1000,41730
1000,1000,68799
1000,1000,41922
1000,1000,68753
1000,1000,41990
1000,1000,56416
1000,1000,56387
1000,1000,42117
1000,1000,68695
1000,1000,42094
1000,1000,88974
1000,1000,42069
1000,1000,41959
1000,1000,41980
1000,1000,56720
1000,1000,41922
1000,1000,42018
1000,1000,69521
1000,1000,42025
1000,1000,57066
1000,1000,81841
1000,1000,69766
1000,1000,42269
1000,1000,42124
1000,1000,42089
1000,1000,82240
1000,1000,74950
1000,1000,42216
1000,1000,57474
1000,1000,42200
1000,1000,70279
1000,1000,42332
1000,1000,69940
1000,1000,41950
1000,1000,70052
1000,1000,42176
1000,1000,50689
1000,1000,42117
1000,1000,50891
1000,1000,42084
1000,1000,42333
1000,1000,42588
1000,1000,42726
1000,1000,42781
1000,1000,42804
1000,1000,42633
1000,1000,84629
1000,1000,42909
1000,1000,51825
1000,1000,43101
1000,1000,77589
1000,1000,43193
1000,1000,43203
1000,1000,43338
1000,1000,85733
1000,1000,43358
1000,1000,43582
1000,1000,43692
1000,1000,43776
1000,1000,43855
1000,1000,43790
1000,1000,43716
1000,1000,72815
1000,1000,79027
1000,1000,44213
1000,1000,44308
1000,1000,44477
1000,1000,44540
1000,1000,44695
1000,1000,87376
1000,1000,45030
1000,1000,45085
1000,1000,80616
1000,1000,45186
1000,1000,45307
1000,1000,45444
1000,1000,45512
1000,1000,75583
1000,1000,45700
1000,1000,45785
1000,1000,75988
1000,1000,75960
1000,1000,45551
1000,1000,45727
1000,1000,90032
1000,1000,45772
1000,1000,45538
1000,1000,90343
1000,1000,76617
1000,1000,45810
1000,1000,76735
1000,1000,45996
1000,1000,76781
1000,1000,46129
1000,1000,46075
1000,1000,46094
1000,1000,98197
1000,1000,76824
1000,1000,46107
1000,1000,46137
1000,1000,46150
1000,1000,46141
1000,1000,77349
1000,1000,46201
1000,1000,46171
1000,1000,84038
1000,1000,84067
1000,1000,46381
1000,1000,77808
1000,1000,46290
1000,1000,46435
1000,1000,46230
1000,1000,46017
1000,1000,46033
1000,1000,46121
1000,1000,46080
1000,1000,100427
1000,1000,44869
1000,1000,78541
1000,1000,44857
1000,1000,100507
1000,1000,44884
1000,1000,78719
1000,1000,78747
1000,1000,44880
1000,1000,44902
1000,1000,44841
1000,1000,44656
1000,1000,94175
1000,1000,44716
1000,1000,79229
1000,1000,44784
1000,1000,79356
1000,1000,56929
1000,1000,44586
1000,1000,44009
1000,1000,79240
1000,1000,79072
1000,1000,56897
1000,1000,44192
1000,1000,44146
1000,1000,44051
1000,1000,95846
1000,1000,79540
1000,1000,79439
1000,1000,74790
1000,1000,74600
1000,1000,80289
1000,1000,81427
1000,1000,81313
1000,1000,117654
1000,1000,88584
1000,1000,88342
1000,1000,149353
1000,1000,125145
1000,1000,125135
1000,1000,88365
1000,1000,88363
1000,1000,88409
1000,1000,88298
1000,1000,125373
1000,1000,125410
1000,1000,150157
1000,1000,87663
1000,1000,87704
1000,1000,87792
1000,1000,125703
1000,1000,143012
1000,1000,87779
1000,1000,87751
1000,1000,87447
1000,1000,142973
1000,1000,87476
1000,1000,143153
1000,1000,87359
1000,1000,87253
1000,1000,126299
1000,1000,87347
1000,1000,87291
1000,1000,126425
1000,1000,87163
1000,1000,87323
1000,1000,103622
1000,1000,87385
1000,1000,103777
1000,1000,103860
1000,1000,87692
1000,1000,127124
1000,1000,87739
1000,1000,89121
1000,1000,128657
1000,1000,128251
1000,1000,128134
1000,1000,145820
1000,1000,145830
1000,1000,154788
1000,1000,127979
1000,1000,121652
1000,1000,101452
1000,1000,121651
1000,1000,100172
1000,1000,121670
1000,1000,121762
1000,1000,121872
1000,1000,121577
1000,1000,121762
1000,1000,147592
1000,1000,146903
1000,1000,157316
1000,1000,119622
1000,1000,146668
1000,1000,146849
1000,1000,120118
1000,1000,134696
1000,1000,120411
1000,1000,120162
1000,1000,147489
1000,1000,120656
1000,1000,161837
1000,1000,120673
1000,1000,148578
1000,1000,147711
1000,1000,147692
1000,1000,119813
1000,1000,120031
1000,1000,120432
1000,1000,120851
1000,1000,162555
1000,1000,119967
1000,1000,149313
1000,1000,119708
1000,1000,119330
1000,1000,118764
1000,1000,118722
1000,1000,118463
1000,1000,118613
1000,1000,148675
1000,1000,117505
1000,1000,148570
1000,1000,163164
1000,1000,116445
1000,1000,115908
1000,1000,114242
1000,1000,113463
1000,1000,113296
1000,1000,166740
1000,1000,154150
1000,1000,112920
1000,1000,148144
1000,1000,111584
1000,1000,163470
1000,1000,110439
1000,1000,108731
1000,1000,108781
1000,1000,163634
1000,1000,178553
1000,1000,108262
1000,1000,153332
1000,1000,106948
1000,1000,145864
1000,1000,145902
1000,1000,145883
1000,1000,171540
1000,1000,145008
1000,1000,137297
1000,1000,115236
1000,1000,114222
1000,1000,108498
1000,1000,179055
1000,1000,159991
1000,1000,188110
1000,1000,129948
1000,1000,157257
10000,10,43
10000,10,10
10000,10,9
10000,10,8
10000,10,11
10000,10,12
10000,10,8
10000,10,7676
10000,10,7793
10000,10,7798
10000,100,66
10000,100,78
10000,100,10
10000,100,9
10000,100,17
10000,100,378
10000,100,13
10000,100,21
10000,100,10362
10000,100,10920
10000,100,47
10000,100,10988
10000,100,36
10000,100,11082
10000,100,19
10000,100,11300
10000,100,19
10000,100,9
10000,100,681
10000,100,9
10000,100,6
10000,100,8
10000,100,8
10000,100,8
10000,100,13
10000,100,802
10000,100,11963
10000,100,72
10000,100,10
10000,100,8
10000,100,20
10000,100,10
10000,100,11
10000,100,7
10000,100,14947
10000,100,131
10000,100,7
10000,100,6
10000,100,5181
10000,100,8
10000,100,13
10000,100,16
10000,100,8
10000,100,6395
10000,100,8
10000,100,9
10000,100,10
10000,100,7
10000,100,6
10000,100,7
10000,100,4343
10000,100,8
10000,100,7617
10000,100,7630
10000,100,8436
10000,100,8472
10000,100,19704
10000,100,7652
10000,100,8595
10000,100,7559
10000,100,8764
10000,100,6040
10000,100,910
10000,100,5273
10000,100,3817
10000,100,3845
10000,100,2707
10000,100,9762
10000,100,2821
10000,100,21060
10000,100,2916
10000,100,2841
10000,100,2771
10000,100,21230
10000,100,2930
10000,100,2928
10000,100,3096
10000,100,10632
10000,100,3213
10000,100,7604
10000,100,22481
10000,100,10458
10000,100,10284
10000,100,22742
10000,100,8535
10000,100,3667
10000,100,6562
10000,100,11691
10000,100,6443
10000,100,22839
10000,100,22847
10000,100,11832
10000,100,4305
10000,100,4795
10000,1000,71
10000,1000,85
10000,1000,7
10000,1000,8
10000,1000,8
10000,1000,8
10000,1000,7
10000,1000,311
10000,1000,296
10000,1000,264
10000,1000,11
10000,1000,284
10000,1000,7
10000,1000,631
10000,1000,7
10000,1000,9
10000,1000,6
10000,1000,5
10000,1000,5
10000,1000,287
10000,1000,5
10000,1000,13
10000,1000,6
10000,1000,9
10000,1000,9
10000,1000,5
10000,1000,6
10000,1000,6
10000,1000,1237
10000,1000,5
10000,1000,5
10000,1000,1022
10000,1000,5
10000,1000,5
10000,1000,9
10000,1000,6
10000,1000,5
10000,1000,6
10000,1000,4
10000,1000,4
10000,1000,4
10000,1000,4
10000,1000,14
10000,1000,4
10000,1000,5521
10000,1000,4
10000,1000,4
10000,1000,4
10000,1000,4
10000,1000,5583
10000,1000,4
10000,1000,5
10000,1000,4848
10000,1000,5
10000,1000,4
10000,1000,4
10000,1000,4
10000,1000,5
10000,1000,7
10000,1000,5
10000,1000,6
10000,1000,5
10000,1000,4
10000,1000,4
10000,1000,4
10000,1000,9
10000,1000,4
10000,1000,4
10000,1000,6963
10000,1000,5
10000,1000,6366
10000,1000,7
10000,1000,9
10000,1000,5
10000,1000,18
10000,1000,6636
10000,1000,8
10000,1000,5
10000,1000,5
10000,1000,4
10000,1000,7674
10000,1000,8
10000,1000,9
10000,1000,12
10000,1000,9
10000,1000,6
10000,1000,6
10000,1000,6
10000,1000,8163
10000,1000,7
10000,1000,9
10000,1000,7
10000,1000,5
10000,1000,4
10000,1000,8459
10000,1000,4
10000,1000,4
10000,1000,7236
10000,1000,5
10000,1000,4
10000,1000,4
10000,1000,5
10000,1000,4
10000,1000,4
10000,1000,5
10000,1000,1690
10000,1000,8
10000,1000,8
10000,1000,5
10000,1000,1674
10000,1000,4
10000,1000,4
10000,1000,4
10000,1000,4
10000,1000,4
10000,1000,6
10000,1000,4
10000,1000,5
10000,1000,4
10000,1000,4
10000,1000,4
10000,1000,7
10000,1000,9429
10000,1000,9
10000,1000,2153
10000,1000,5
10000,1000,6
10000,1000,4
10000,1000,4
10000,1000,4
10000,1000,4
10000,1000,4
10000,1000,6
10000,1000,10
10000,1000,8750
10000,1000,5
10000,1000,4
10000,1000,8837
10000,1000,4
10000,1000,10260
10000,1000,7
10000,1000,5
10000,1000,4
10000,1000,4
10000,1000,7
10000,1000,8
10000,1000,7
10000,1000,7
10000,1000,2655
10000,1000,4
10000,1000,4
10000,1000,4
10000,1000,6
10000,1000,5
10000,1000,4
10000,1000,4
10000,1000,6
10000,1000,2783
10000,1000,2781
10000,1000,4
10000,1000,10
10000,1000,2813
10000,1000,5
10000,1000,6
10000,1000,6
10000,1000,4
10000,1000,5
10000,1000,4
10000,1000,5
10000,1000,4
10000,1000,4
10000,1000,12152
10000,1000,5
10000,1000,4
10000,1000,4
10000,1000,4
10000,1000,4
10000,1000,4
10000,1000,4
10000,1000,4
10000,1000,6
10000,1000,4
10000,1000,3367
10000,1000,7
10000,1000,5
10000,1000,8
10000,1000,4
10000,1000,4
10000,1000,4
10000,1000,6724
10000,1000,6480
10000,1000,9
10000,1000,6481
10000,1000,8
10000,1000,3544
10000,1000,5
10000,1000,6
10000,1000,5
10000,1000,6
10000,1000,5
10000,1000,6548
10000,1000,6
10000,1000,49
10000,1000,25
10000,1000,9
10000,1000,4
10000,1000,4
10000,1000,4
10000,1000,4
10000,1000,5
10000,1000,6
10000,1000,5
10000,1000,4
10000,1000,15092
10000,1000,7
10000,1000,5
10000,1000,7388
10000,1000,9
10000,1000,9
10000,1000,5
10000,1000,4
10000,1000,4323
10000,1000,16352
10000,1000,7510
10000,1000,7
10000,1000,6
10000,1000,8
10000,1000,28
10000,1000,11
10000,1000,7666
10000,1000,15
10000,1000,7
10000,1000,3865
10000,1000,6
10000,1000,5
10000,1000,4
10000,1000,16831
10000,1000,3981
10000,1000,7830
10000,1000,15694
10000,1000,10298
10000,1000,8566
10000,1000,17423
10000,1000,8
10000,1000,11353
10000,1000,6
10000,1000,6
10000,1000,5
10000,1000,4
10000,1000,8
10000,1000,4
10000,1000,3
10000,1000,4
10000,1000,4
10000,1000,4
10000,1000,6
10000,1000,4
10000,1000,5
10000,1000,5
10000,1000,11992
10000,1000,6
10000,1000,18337
10000,1000,18187
10000,1000,5730
10000,1000,13
10000,1000,19524
10000,1000,31
10000,1000,4
10000,1000,4
10000,1000,4
10000,1000,4
10000,1000,4
10000,1000,7
10000,1000,7
10000,1000,5
10000,1000,10197
10000,1000,10226
10000,1000,6
10000,1000,5
10000,1000,5890
10000,1000,5967
10000,1000,4
10000,1000,6
10000,1000,4
10000,1000,6
10000,1000,12897
10000,1000,6
10000,1000,4
10000,1000,8
10000,1000,10462
10000,1000,11
10000,1000,9
10000,1000,10418
10000,1000,10422
10000,1000,10420
10000,1000,7
10000,1000,5460
10000,1000,10492
10000,1000,21840
10000,1000,8
10000,1000,6
10000,1000,4
10000,1000,4
10000,1000,3
10000,1000,10632
10000,1000,5535
10000,1000,5
10000,1000,10693
10000,1000,12
10000,1000,6
10000,1000,5614
10000,1000,5
10000,1000,5
10000,1000,10821
10000,1000,8
10000,1000,4
10000,1000,8
10000,1000,4
10000,1000,4
10000,1000,4
10000,1000,4
10000,1000,8
10000,1000,7
10000,1000,11097
10000,1000,18
10000,1000,21343
10000,1000,16597
10000,1000,8
10000,1000,8
10000,1000,5
10000,1000,4
10000,1000,5
10000,1000,4337
10000,1000,11428
10000,1000,11383
10000,1000,11398
10000,1000,5
10000,1000,5
10000,1000,7
10000,1000,5
10000,1000,11619
10000,1000,11144
10000,1000,38
10000,1000,11178
10000,1000,4158
10000,1000,8
10000,1000,6
10000,1000,5
10000,1000,17410
10000,1000,5
10000,1000,6
10000,1000,4298
10000,1000,4321
10000,1000,6
10000,1000,6
10000,1000,6
10000,1000,5
10000,1000,4
10000,1000,11576
10000,1000,5
10000,1000,4
10000,1000,11701
10000,1000,6
10000,1000,4505
10000,1000,6
10000,1000,11671
10000,1000,4
10000,1000,4
10000,1000,4
10000,1000,4
10000,1000,6
10000,1000,11839
10000,1000,12
10000,1000,31
10000,1000,7
10000,1000,4
10000,1000,4
10000,1000,4572
10000,1000,4555
10000,1000,11979
10000,1000,7
10000,1000,5
10000,1000,4624
10000,1000,4643
10000,1000,5
10000,1000,4681
10000,1000,18898
10000,1000,12
10000,1000,4661
10000,1000,15791
10000,1000,4
10000,1000,5
10000,1000,4
10000,1000,12455
10000,1000,13
10000,1000,4803
10000,1000,12473
10000,1000,8
10000,1000,5
10000,1000,25839
10000,1000,4841
10000,1000,6
10000,1000,12651
10000,1000,6
10000,1000,4
10000,1000,4927
10000,1000,16334
10000,1000,12760
10000,1000,4
10000,1000,5
10000,1000,19507
10000,1000,16
10000,1000,7
10000,1000,4899
10000,1000,6
10000,1000,6
10000,1000,9
10000,1000,6
10000,1000,6
10000,1000,4
10000,1000,4
10000,1000,12899
10000,1000,4
10000,1000,4
10000,1000,18
10000,1000,19793
10000,1000,4
10000,1000,4
10000,1000,5057
10000,1000,7
10000,1000,5097
10000,1000,5097
10000,1000,7
10000,1000,12852
10000,1000,5105
10000,1000,6
10000,1000,5140
10000,1000,12864
10000,1000,12
10000,1000,4
10000,1000,5056
10000,1000,5073
10000,1000,13
10000,1000,11
10000,1000,6
10000,1000,21440
10000,1000,23009
10000,1000,13691
10000,1000,7
10000,1000,12
10000,1000,6
10000,1000,5
10000,1000,5708
10000,1000,5699
10000,1000,12963
10000,1000,6
10000,1000,6
10000,1000,5
10000,1000,4
10000,1000,4
10000,1000,6
10000,1000,13121
10000,1000,18
10000,1000,5600
10000,1000,4
10000,1000,5
10000,1000,4
10000,1000,6052
10000,1000,5
10000,1000,4
10000,1000,12323
10000,1000,10
10000,1000,4
10000,1000,4
10000,1000,6
10000,1000,5
10000,1000,6533
10000,1000,5
10000,1000,6585
10000,1000,6621
10000,1000,5
10000,1000,6623
10000,1000,6628
10000,1000,4
10000,1000,6
10000,1000,18900
10000,1000,12
10000,1000,6587
10000,1000,6586
10000,1000,6
10000,1000,5
10000,1000,13228
10000,1000,6613
10000,1000,8
10000,1000,6618
10000,1000,11
10000,1000,13
10000,1000,18
10000,1000,10
10000,1000,9
10000,1000,4
10000,1000,4
10000,1000,6740
10000,1000,13373
10000,1000,13
10000,1000,23501
10000,1000,5
10000,1000,13
10000,1000,4
10000,1000,5
10000,1000,4
10000,1000,5
10000,1000,8
10000,1000,13574
10000,1000,6767
10000,1000,13552
10000,1000,9
10000,1000,13573
10000,1000,5
10000,1000,8
10000,1000,23983
10000,1000,6
10000,1000,4
10000,1000,3
10000,1000,13874
10000,1000,13727
10000,1000,24199
10000,1000,26691
10000,1000,4
10000,1000,6811
10000,1000,6
10000,1000,19553
10000,1000,6
10000,1000,24290
10000,1000,9
10000,1000,11
10000,1000,19341
10000,1000,34
10000,1000,4
10000,1000,4
10000,1000,7
10000,1000,5
10000,1000,6923
10000,1000,19543
10000,1000,6880
10000,1000,5
10000,1000,5
10000,1000,6929
10000,1000,6963
10000,1000,4
10000,1000,6
10000,1000,5
10000,1000,14372
10000,1000,7
10000,1000,5
10000,1000,6
10000,1000,6
10000,1000,24970
10000,1000,6131
10000,1000,19886
10000,1000,6079
10000,1000,6078
10000,1000,6068
10000,1000,14328
10000,1000,14375
10000,1000,14406
10000,1000,6062
10000,1000,14464
10000,1000,20179
10000,1000,6065
10000,1000,6077
10000,1000,20340
10000,1000,14484
10000,1000,20389
10000,1000,5635
10000,1000,25757
10000,1000,25899
10000,1000,5338
10000,1000,5369
10000,1000,20676
10000,1000,14930
10000,1000,14945
10000,1000,14982
10000,1000,20847
10000,1000,5293
10000,1000,20879
10000,1000,15046
10000,1000,5314
10000,1000,15110
10000,1000,26304
10000,1000,5286
10000,1000,31674
10000,1000,5287
10000,1000,19434
10000,1000,15170
10000,1000,15159
10000,1000,5272
10000,1000,5273
10000,1000,38678
10000,1000,15164
10000,1000,5312
10000,1000,15129
10000,1000,5333
10000,1000,15064
10000,1000,5388
10000,1000,15166
10000,1000,5406
10000,1000,26362
10000,1000,5433
10000,1000,32419
10000,1000,19568
10000,1000,5467
10000,1000,15267
10000,1000,15156
10000,1000,15185
10000,1000,5430
10000,1000,19555
10000,1000,5428
10000,1000,5447
10000,1000,26768
10000,1000,5412
10000,1000,26714
10000,1000,15456
10000,1000,5407
10000,1000,15485
10000,1000,26871
10000,1000,5406
10000,1000,15552
10000,1000,5313
10000,1000,5349
10000,1000,15528
10000,1000,27163
10000,1000,5342
10000,1000,15629
10000,1000,5373
10000,1000,5385
10000,1000,5391
10000,1000,5406
10000,1000,33847
10000,1000,15920
10000,1000,5393
10000,1000,15866
10000,1000,5372
10000,1000,33982
10000,1000,15827
10000,1000,40708
10000,1000,15855
10000,1000,15853
10000,1000,15859
10000,1000,20446
10000,1000,27686
10000,1000,15969
10000,1000,16000
10000,1000,20562
10000,1000,40600
10000,1000,16050
10000,1000,20533
10000,1000,20574
10000,1000,16040
10000,1000,16041
10000,1000,27990
10000,1000,16032
10000,1000,28054
10000,1000,28086
10000,1000,16074
10000,1000,16095
10000,1000,16107
10000,1000,20762
10000,1000,16128
10000,1000,34925
10000,1000,31840
10000,1000,16158
10000,1000,20797
10000,1000,16201
10000,1000,16200
10000,1000,16217
10000,1000,16263
10000,1000,21018
10000,1000,16237
10000,1000,28664
10000,1000,16283
10000,1000,16135
10000,1000,16122
10000,1000,16157
10000,1000,21043
10000,1000,21119
10000,1000,28919
10000,1000,16228
10000,1000,35606
10000,1000,16241
10000,1000,16272
10000,1000,16315
10000,1000,29086
10000,1000,42564
10000,1000,16321
10000,1000,21219
10000,1000,16316
10000,1000,29176
10000,1000,42806
10000,1000,16409
10000,1000,16461
10000,1000,35875
10000,1000,16331
10000,1000,21448
10000,1000,29485
10000,1000,16434
10000,1000,29329
10000,1000,36080
10000,1000,16502
10000,1000,21576
10000,1000,21622
10000,1000,21646
10000,1000,43615
10000,1000,16668
10000,1000,36567
10000,1000,16600
10000,1000,21732
10000,1000,16611
10000,1000,16655
10000,1000,33681
10000,1000,21759
10000,1000,29472
10000,1000,16629
10000,1000,29557
10000,1000,21845
10000,1000,16763
10000,1000,37070
10000,1000,16796
10000,1000,33995
10000,1000,37250
10000,1000,16864
10000,1000,22010
10000,1000,21997
10000,1000,29904
10000,1000,37445
10000,1000,29837
10000,1000,22063
10000,1000,29920
10000,1000,16859
10000,1000,16140
10000,1000,22033
10000,1000,37505
10000,1000,22080
10000,1000,22032
10000,1000,29896
10000,1000,16268
10000,1000,29949
10000,1000,16244
10000,1000,16277
10000,1000,29832
10000,1000,21961
10000,1000,16311
10000,1000,16238
10000,1000,16235
10000,1000,16186
10000,1000,28484
10000,1000,28534
10000,1000,16570
10000,1000,28504
10000,1000,16229
10000,1000,15950
10000,1000,28892
10000,1000,38631
10000,1000,22635
10000,1000,28969
10000,1000,16127
10000,1000,16099
10000,1000,38885
10000,1000,16130
10000,1000,16107
10000,1000,16109
10000,1000,22796
10000,1000,16204
10000,1000,16190
10000,1000,29347
10000,1000,16176
10000,1000,22792
10000,1000,35159
10000,1000,16269
10000,1000,16272
10000,1000,29545
10000,1000,16236
10000,1000,16282
10000,1000,16255
10000,1000,29633
10000,1000,16426
10000,1000,16346
10000,1000,23066
10000,1000,16220
10000,1000,48898
10000,1000,23039
10000,1000,16304
10000,1000,29927
10000,1000,35822
10000,1000,16235
10000,1000,16263
10000,1000,23051
10000,1000,40244
10000,1000,30078
10000,1000,22926
10000,1000,16180
10000,1000,16227
10000,1000,16275
10000,1000,23154
10000,1000,40662
10000,1000,23162
10000,1000,16236
10000,1000,23135
10000,1000,16245
10000,1000,30266
10000,1000,30288
10000,1000,16217
10000,1000,16243
10000,1000,16272
10000,1000,30529
10000,1000,16227
10000,1000,41072
10000,1000,30673
10000,1000,16252
10000,1000,16259
10000,1000,36216
10000,1000,23301
10000,1000,30787
10000,1000,16401
10000,1000,30772
10000,1000,23305
10000,1000,16484
10000,1000,41482
10000,1000,22669
10000,1000,30949
10000,1000,22684
10000,1000,30924
10000,1000,30942
10000,1000,22622
10000,1000,22616
10000,1000,31015
10000,1000,30958
10000,1000,30956
10000,1000,36637
10000,1000,30610
10000,1000,20714
10000,1000,20767
10000,1000,30501
10000,1000,20678
10000,1000,20226
10000,1000,34119
10000,1000,20319
10000,1000,29957
10000,1000,29963
10000,1000,29968
10000,1000,34155
10000,1000,19656
10000,1000,29843
10000,1000,19682
10000,1000,34168
10000,1000,19226
10000,1000,19295
10000,1000,34274
10000,1000,19125
10000,1000,29598
10000,1000,19145
10000,1000,48046
10000,1000,48042
10000,1000,33879
10000,1000,29372
10000,1000,33896
10000,1000,48147
10000,1000,29170
10000,1000,41300
10000,1000,28592
10000,1000,41197
10000,1000,28508
10000,1000,28524
10000,1000,28162
10000,1000,27829
10000,1000,32839
10000,1000,27848
10000,1000,54833
10000,1000,27862
10000,1000,49162
10000,1000,40265
10000,1000,27335
10000,1000,40259
10000,1000,32481
10000,1000,27355
10000,1000,27299
10000,1000,27333
10000,1000,27271
10000,1000,40156
10000,1000,26388
10000,1000,32131
10000,1000,55407
10000,1000,47740
10000,1000,39102
10000,1000,25503
10000,1000,25504
10000,1000,37847
10000,1000,24902
10000,1000,24941
10000,1000,57287
100000,10,18
100000,10,15
100000,10,58
100000,10,66
100000,10,77
100000,10,76
100000,10,14
100000,10,93
100000,10,93
100000,10,130
100000,100,22
100000,100,36
100000,100,50
100000,100,67
100000,100,10
100000,100,90
100000,100,1043
100000,100,9
100000,100,6
100000,100,8
100000,100,8
100000,100,1176
100000,100,5094
100000,100,6
100000,100,6
100000,100,3
100000,100,5652
100000,100,13
100000,100,11
100000,100,4590
100000,100,6
100000,100,7
100000,100,870
100000,100,15
100000,100,5
100000,100,410
100000,100,6126
100000,100,5
100000,100,3
100000,100,20
100000,100,6
100000,100,6
100000,100,510
100000,100,5156
100000,100,1437
100000,100,4
100000,100,1376
100000,100,537
100000,100,8
100000,100,548
100000,100,5
100000,100,929
100000,100,5
100000,100,889
100000,100,9
100000,100,900
100000,100,10
100000,100,7
100000,100,506
100000,100,438
100000,100,9
100000,100,471
100000,100,947
100000,100,6082
100000,100,1444
100000,100,15
100000,100,494
100000,100,497
100000,100,6112
100000,100,1031
100000,100,993
100000,100,979
100000,100,6459
100000,100,412
100000,100,412
100000,100,418
100000,100,991
100000,100,1017
100000,100,6703
100000,100,1057
100000,100,1004
100000,100,1031
100000,100,1506
100000,100,7898
100000,100,1046
100000,100,1075
100000,100,1066
100000,100,2080
100000,100,1079
100000,100,1592
100000,100,1147
100000,100,3057
100000,100,2037
100000,100,1444
100000,100,1392
100000,100,1893
100000,100,2416
100000,100,2700
100000,100,1295
100000,100,1891
100000,100,2420
100000,100,2217
100000,100,1554
100000,100,1816
100000,100,1657
100000,100,7763
100000,100,5332
100000,100,6050
100000,100,7027
100000,100,5129
100000,1000,34
100000,1000,5
100000,1000,10
100000,1000,117
100000,1000,48
100000,1000,9
100000,1000,13
100000,1000,130
100000,1000,7
100000,1000,7
100000,1000,381
100000,1000,387
100000,1000,5
100000,1000,5
100000,1000,5
100000,1000,7
100000,1000,6
100000,1000,5
100000,1000,7
100000,1000,5
100000,1000,4
100000,1000,4
100000,1000,8
100000,1000,20
100000,1000,6
100000,1000,10
100000,1000,1608
100000,1000,4
100000,1000,3
100000,1000,1576
100000,1000,4
100000,1000,3
100000,1000,2104
100000,1000,6
100000,1000,7
100000,1000,5
100000,1000,14
100000,1000,12
100000,1000,2389
100000,1000,5
100000,1000,5
100000,1000,6
100000,1000,666
100000,1000,14
100000,1000,1962
100000,1000,710
100000,1000,2013
100000,1000,765
100000,1000,8
100000,1000,2639
100000,1000,6
100000,1000,804
100000,1000,5
100000,1000,4
100000,1000,4
100000,1000,5
100000,1000,6
100000,1000,2309
100000,1000,7
100000,1000,8
100000,1000,2375
100000,1000,13
100000,1000,893
100000,1000,9
100000,1000,12
100000,1000,941
100000,1000,5
100000,1000,4
100000,1000,1025
100000,1000,12
100000,1000,9
100000,1000,13
100000,1000,3765
100000,1000,1788
100000,1000,10
100000,1000,5
100000,1000,1053
100000,1000,1832
100000,1000,5
100000,1000,5
100000,1000,5
100000,1000,5
100000,1000,5
100000,1000,1909
100000,1000,1949
100000,1000,1050
100000,1000,11
100000,1000,1784
100000,1000,1075
100000,1000,1103
100000,1000,3885
100000,1000,5
100000,1000,1916
100000,1000,5
100000,1000,5
100000,1000,6
100000,1000,5
100000,1000,5
100000,1000,2027
100000,1000,2032
100000,1000,2063
100000,1000,5
100000,1000,4
100000,1000,4
100000,1000,5
100000,1000,5
100000,1000,4
100000,1000,7
100000,1000,1229
100000,1000,4947
100000,1000,3101
100000,1000,1265
100000,1000,2065
100000,1000,4
100000,1000,11
100000,1000,1301
100000,1000,2196
100000,1000,5
100000,1000,6
100000,1000,5
100000,1000,5
100000,1000,7
100000,1000,2731
100000,1000,11
100000,1000,1741
100000,1000,1721
100000,1000,1721
100000,1000,6
100000,1000,2797
100000,1000,4
100000,1000,10
100000,1000,5
100000,1000,5
100000,1000,5
100000,1000,1896
100000,1000,8
100000,1000,9
100000,1000,1885
100000,1000,3163
100000,1000,6651
100000,1000,3199
100000,1000,13
100000,1000,5
100000,1000,1902
100000,1000,16
100000,1000,11
100000,1000,3251
100000,1000,8
100000,1000,1907
100000,1000,1922
100000,1000,5
100000,1000,4
100000,1000,4
100000,1000,4358
100000,1000,3284
100000,1000,7
100000,1000,6
100000,1000,5
100000,1000,26
100000,1000,3407
100000,1000,1609
100000,1000,4
100000,1000,4
100000,1000,3
100000,1000,5
100000,1000,3580
100000,1000,1664
100000,1000,8017
100000,1000,3738
100000,1000,3722
100000,1000,8141
100000,1000,10
100000,1000,7
100000,1000,1555
100000,1000,4
100000,1000,3942
100000,1000,28
100000,1000,1634
100000,1000,3956
100000,1000,8
100000,1000,3954
100000,1000,1654
100000,1000,7
100000,1000,1673
100000,1000,11
100000,1000,6
100000,1000,5
100000,1000,1705
100000,1000,41
100000,1000,4124
100000,1000,5
100000,1000,1773
100000,1000,6
100000,1000,5464
100000,1000,1789
100000,1000,1799
100000,1000,1822
100000,1000,14
100000,1000,1847
100000,1000,1856
100000,1000,6500
100000,1000,5
100000,1000,5
100000,1000,5
100000,1000,7
100000,1000,4
100000,1000,5
100000,1000,5
100000,1000,4635
100000,1000,1889
100000,1000,13
100000,1000,1894
100000,1000,1914
100000,1000,6
100000,1000,1926
100000,1000,11
100000,1000,10
100000,1000,9
100000,1000,1984
100000,1000,12
100000,1000,11
100000,1000,8
100000,1000,4819
100000,1000,8
100000,1000,1965
100000,1000,2019
100000,1000,4
100000,1000,2043
100000,1000,10
100000,1000,2050
100000,1000,2068
100000,1000,11
100000,1000,2089
100000,1000,4
100000,1000,5
100000,1000,6
100000,1000,4
100000,1000,3
100000,1000,8
100000,1000,5089
100000,1000,10991
100000,1000,2135
100000,1000,2147
100000,1000,10
100000,1000,5
100000,1000,5198
100000,1000,5
100000,1000,2162
100000,1000,19
100000,1000,5268
100000,1000,5224
100000,1000,8
100000,1000,9919
100000,1000,6
100000,1000,8
100000,1000,7127
100000,1000,2197
100000,1000,5
100000,1000,2195
100000,1000,26
100000,1000,8
100000,1000,2234
100000,1000,5
100000,1000,8700
100000,1000,12
100000,1000,2232
100000,1000,8798
100000,1000,14
100000,1000,7
100000,1000,5698
100000,1000,8
100000,1000,6
100000,1000,8
100000,1000,2258
100000,1000,2262
100000,1000,2170
100000,1000,2149
100000,1000,10
100000,1000,5706
100000,1000,4
100000,1000,13
100000,1000,2244
100000,1000,5838
100000,1000,7804
100000,1000,2296
100000,1000,5
100000,1000,2274
100000,1000,14
100000,1000,6
100000,1000,5
100000,1000,8
100000,1000,5986
100000,1000,8
100000,1000,2336
100000,1000,6022
100000,1000,5
100000,1000,9655
100000,1000,8
100000,1000,2362
100000,1000,16
100000,1000,5
100000,1000,2416
100000,1000,8
100000,1000,2517
100000,1000,7
100000,1000,2525
100000,1000,8
100000,1000,2502
100000,1000,12
100000,1000,8
100000,1000,2557
100000,1000,8
100000,1000,6636
100000,1000,8
100000,1000,2642
100000,1000,6671
100000,1000,6761
100000,1000,2745
100000,1000,10797
100000,1000,2774
100000,1000,5
100000,1000,2801
100000,1000,5
100000,1000,2782
100000,1000,2811
100000,1000,8642
100000,1000,12996
100000,1000,2792
100000,1000,2799
100000,1000,2754
100000,1000,2755
100000,1000,2776
100000,1000,2801
100000,1000,5
100000,1000,14
100000,1000,10
100000,1000,8
100000,1000,7354
100000,1000,7297
100000,1000,12
100000,1000,2752
100000,1000,2690
100000,1000,19
100000,1000,2703
100000,1000,2707
100000,1000,13
100000,1000,2712
100000,1000,2729
100000,1000,8
100000,1000,11871
100000,1000,9346
100000,1000,2621
100000,1000,7509
100000,1000,2597
100000,1000,12013
100000,1000,18
100000,1000,2586
100000,1000,2556
100000,1000,7539
100000,1000,10
100000,1000,2611
100000,1000,5
100000,1000,2647
100000,1000,2622
100000,1000,2546
100000,1000,14469
100000,1000,2523
100000,1000,6
100000,1000,3
100000,1000,16
100000,1000,5
100000,1000,4
100000,1000,5
100000,1000,5
100000,1000,5
100000,1000,5
100000,1000,6
100000,1000,5
100000,1000,5
100000,1000,4
100000,1000,3
100000,1000,4
100000,1000,4
100000,1000,3
100000,1000,3
100000,1000,6
100000,1000,4
100000,1000,14464
100000,1000,6
100000,1000,6
100000,1000,5
100000,1000,3
100000,1000,14515
100000,1000,4
100000,1000,14479
100000,1000,20438
100000,1000,4
100000,1000,20487
100000,1000,11
100000,1000,20485
100000,1000,14475
100000,1000,11
100000,1000,5
100000,1000,7
100000,1000,5
100000,1000,10
100000,1000,4
100000,1000,4
100000,1000,3
100000,1000,14685
100000,1000,4
100000,1000,3
100000,1000,14738
100000,1000,14738
100000,1000,5
100000,1000,7
100000,1000,8
100000,1000,5
100000,1000,5
100000,1000,4
100000,1000,21257
100000,1000,5
100000,1000,5
100000,1000,14788
100000,1000,6
100000,1000,5
100000,1000,5
100000,1000,23498
100000,1000,14863
100000,1000,14879
100000,1000,14881
100000,1000,14911
100000,1000,5
100000,1000,6
100000,1000,21437
100000,1000,14967
100000,1000,29317
100000,1000,4
100000,1000,21589
100000,1000,4
100000,1000,23800
100000,1000,4
100000,1000,6319
100000,1000,6
100000,1000,21708
100000,1000,7
100000,1000,6303
100000,1000,4
100000,1000,3
100000,1000,3
100000,1000,3
100000,1000,29893
100000,1000,6
100000,1000,27227
100000,1000,12
100000,1000,22053
100000,1000,6
100000,1000,3115
100000,1000,6
100000,1000,4
100000,1000,24446
100000,1000,15
100000,1000,4
100000,1000,4
100000,1000,3067
100000,1000,7
100000,1000,5
100000,1000,3126
100000,1000,5
100000,1000,5
100000,1000,3
100000,1000,3
100000,1000,4
100000,1000,3
100000,1000,3
100000,1000,3
100000,1000,3297
100000,1000,8
100000,1000,22702
100000,1000,9
100000,1000,24954
100000,1000,14
100000,1000,28049
100000,1000,5
100000,1000,5
100000,1000,6
100000,1000,22600
100000,1000,17
100000,1000,7
100000,1000,3026
100000,1000,5
100000,1000,3072
100000,1000,29
100000,1000,33191
100000,1000,4
100000,1000,3
100000,1000,22872
100000,1000,22899
100000,1000,7
100000,1000,3064
100000,1000,3039
100000,1000,3061
100000,1000,22989
100000,1000,11
100000,1000,5
100000,1000,5
100000,1000,28673
100000,1000,6
100000,1000,35244
100000,1000,3071
100000,1000,3079
100000,1000,11
100000,1000,8
100000,1000,3170
100000,1000,15
100000,1000,5
100000,1000,13
100000,1000,6
100000,1000,5
100000,1000,5
100000,1000,5
100000,1000,4
100000,1000,6
100000,1000,7
100000,1000,33851
100000,1000,10
100000,1000,3271
100000,1000,23723
100000,1000,3278
100000,1000,6
100000,1000,5
100000,1000,4
100000,1000,3277
100000,1000,5
100000,1000,5
100000,1000,8
100000,1000,23838
100000,1000,4
100000,1000,3
100000,1000,4
100000,1000,6
100000,1000,5
100000,1000,4
100000,1000,3
100000,1000,3
100000,1000,3500
100000,1000,5
100000,1000,5
100000,1000,5
100000,1000,24189
100000,1000,30149
100000,1000,24248
100000,1000,3480
100000,1000,3489
100000,1000,3482
100000,1000,3518
100000,1000,3522
100000,1000,24401
100000,1000,3552
100000,1000,3549
100000,1000,36505
100000,1000,24635
100000,1000,3569
100000,1000,3603
100000,1000,3619
100000,1000,24702
100000,1000,3628
100000,1000,30791
100000,1000,3664
100000,1000,4206
100000,1000,25356
100000,1000,27713
100000,1000,25443
100000,1000,4452
100000,1000,4451
100000,1000,25703
100000,1000,25933
100000,1000,4731
100000,1000,32113
100000,1000,4771
100000,1000,4740
100000,1000,33988
100000,1000,4741
100000,1000,26086
100000,1000,26127
100000,1000,4819
100000,1000,4851
100000,1000,4855
100000,1000,4865
100000,1000,4875
100000,1000,26235
100000,1000,4855
100000,1000,28802
100000,1000,37512
100000,1000,4791
100000,1000,32889
100000,1000,4790
100000,1000,28930
100000,1000,28982
100000,1000,26522
100000,1000,4671
100000,1000,26558
100000,1000,4682
100000,1000,26668
100000,1000,4701
100000,1000,33170
100000,1000,4756
100000,1000,26752
100000,1000,29430
100000,1000,29405
100000,1000,26747
100000,1000,4657
100000,1000,39300
100000,1000,29606
100000,1000,35229
100000,1000,26924
100000,1000,4647
100000,1000,26862
100000,1000,4707
100000,1000,29773
100000,1000,27350
100000,1000,36744
100000,1000,28238
100000,1000,37632
100000,1000,29095
100000,1000,31153
100000,1000,34027
100000,1000,31238
100000,1000,42252
100000,1000,34154
100000,1000,40013
100000,1000,31454
100000,1000,34289
100000,1000,40144
100000,1000,34453
100000,1000,31624
100000,1000,31709
100000,1000,34501
100000,1000,38854
100000,1000,34620
100000,1000,34694
100000,1000,38766
100000,1000,31959
100000,1000,40707
100000,1000,31945
100000,1000,31964
100000,1000,31990
100000,1000,41008
100000,1000,45438
100000,1000,41099
100000,1000,32036
100000,1000,44660
100000,1000,32041
100000,1000,32071
100000,1000,32069
100000,1000,32084
100000,1000,32116
100000,1000,32200
100000,1000,45914
100000,1000,39633
100000,1000,32197
100000,1000,32328
100000,1000,46198
100000,1000,39709
100000,1000,32400
100000,1000,39802
100000,1000,44152
100000,1000,34960
100000,1000,45559
100000,1000,32315
100000,1000,32339
100000,1000,44492
100000,1000,44599
100000,1000,32432
100000,1000,32305
100000,1000,32316
100000,1000,34817
100000,1000,32344
100000,1000,40184
100000,1000,34901
100000,1000,23707
100000,1000,34955
100000,1000,47202
100000,1000,45134
100000,1000,42476
100000,1000,23785
100000,1000,40631
100000,1000,34948
100000,1000,40621
100000,1000,34999
100000,1000,23813
100000,1000,46761
100000,1000,36031
100000,1000,36102
100000,1000,21705
100000,1000,36250
100000,1000,21828
100000,1000,44148
100000,1000,42145
100000,1000,46931
100000,1000,44174
100000,1000,21801
100000,1000,21822
100000,1000,36358
100000,1000,48512
100000,1000,42317
100000,1000,44383
100000,1000,21878
100000,1000,21781
100000,1000,44482
100000,1000,36447
100000,1000,21884
100000,1000,36551
100000,1000,47577
100000,1000,21895
100000,1000,44751
100000,1000,42788
100000,1000,36627
100000,1000,47439
100000,1000,22034
100000,1000,22033
100000,1000,36816
100000,1000,45163
100000,1000,36848
100000,1000,53732
100000,1000,22183
100000,1000,36992
100000,1000,43318
100000,1000,22301
100000,1000,43382
100000,1000,23307
100000,1000,44441
100000,1000,23292
100000,1000,38184
100000,1000,23389
100000,1000,38240
100000,1000,52112
100000,1000,38276
100000,1000,23369
100000,1000,49521
100000,1000,23336
100000,1000,38228
100000,1000,23368
100000,1000,23359
100000,1000,23373
100000,1000,23402
100000,1000,23390
100000,1000,49860
100000,1000,23448
100000,1000,49943
100000,1000,23474
100000,1000,29859
100000,1000,23517
100000,1000,23376
100000,1000,52965
100000,1000,23366
100000,1000,23332
100000,1000,45137
100000,1000,45188
100000,1000,23249
100000,1000,23152
100000,1000,47442
100000,1000,23176
100000,1000,26264
100000,1000,23122
100000,1000,50638
100000,1000,23238
100000,1000,23100
100000,1000,23064
100000,1000,26213
100000,1000,22947
100000,1000,47812
100000,1000,45645
100000,1000,26089
100000,1000,22899
100000,1000,45700
100000,1000,26055
100000,1000,22958
100000,1000,55154
100000,1000,52997
100000,1000,47798
100000,1000,22744
100000,1000,25845
100000,1000,25869
100000,1000,22789
100000,1000,22748
100000,1000,22772
100000,1000,47880
100000,1000,22749
100000,1000,51300
100000,1000,48028
100000,1000,22705
100000,1000,22738
100000,1000,22736
100000,1000,45908
100000,1000,25876
100000,1000,22766
100000,1000,48228
100000,1000,53546
100000,1000,22846
100000,1000,54989
100000,1000,25970
100000,1000,22894
100000,1000,56170
100000,1000,22911
100000,1000,22831
100000,1000,22892
100000,1000,53912
100000,1000,22923
100000,1000,26219
100000,1000,46549
100000,1000,26270
100000,1000,55576
100000,1000,23006
100000,1000,26294
100000,1000,55685
100000,1000,26346
100000,1000,48832
100000,1000,23139
100000,1000,26365
100000,1000,23165
100000,1000,23105
100000,1000,26455
100000,1000,49170
