M,N,accessTime
1000,10,18086
1000,10,16376
1000,10,16848
1000,10,20177
1000,10,20227
1000,10,31866
1000,10,32273
1000,10,32222
1000,10,32586
1000,10,33725
1000,100,77
1000,100,69
1000,100,67
1000,100,101
1000,100,68
1000,100,126
1000,100,94
1000,100,79
1000,100,4416
1000,100,4896
1000,100,4697
1000,100,5195
1000,100,5410
1000,100,5642
1000,100,5878
1000,100,5792
1000,100,5714
1000,100,5819
1000,100,6460
1000,100,6607
1000,100,7085
1000,100,7211
1000,100,3727
1000,100,7628
1000,100,7533
1000,100,3096
1000,100,38
1000,100,68
1000,100,164
1000,100,48
1000,100,78
1000,100,141
1000,100,105
1000,100,43
1000,100,275
1000,100,35
1000,100,139
1000,100,24
1000,100,423
1000,100,33
1000,100,78
1000,100,66
1000,100,729
1000,100,45
1000,100,34
1000,100,21
1000,100,65
1000,100,72
1000,100,2478
1000,100,21
1000,100,43
1000,100,1248
1000,100,70
1000,100,63
1000,100,78
1000,100,59
1000,100,18
1000,100,92
1000,100,4548
1000,100,30
1000,100,44
1000,100,29
1000,100,45
1000,100,44
1000,100,54
1000,100,6473
1000,100,3764
1000,100,31
1000,100,3949
1000,100,22
1000,100,31
1000,100,29
1000,100,16
1000,100,2405
1000,100,2355
1000,100,7394
1000,100,2215
1000,100,7574
1000,100,2210
1000,100,3727
1000,100,2226
1000,100,4265
1000,100,2283
1000,100,2177
1000,100,2255
1000,100,2286
1000,100,2291
1000,100,2336
1000,100,3653
1000,100,2059
1000,100,6178
1000,100,2159
1000,100,2307
1000,100,9598
1000,100,4311
1000,100,6168
1000,100,4876
1000,100,4157
1000,100,9609
1000,100,10711
1000,1000,49
1000,1000,23
1000,1000,71
1000,1000,73
1000,1000,59
1000,1000,122
1000,1000,223
1000,1000,117417
1000,1000,117376
1000,1000,116964
1000,1000,117048
1000,1000,117092
1000,1000,117214
1000,1000,117223
1000,1000,117236
1000,1000,117328
1000,1000,117388
1000,1000,117445
1000,1000,117608
1000,1000,117697
1000,1000,118044
1000,1000,114818
1000,1000,103567
1000,1000,103842
1000,1000,104243
1000,1000,104620
1000,1000,104869
1000,1000,105120
1000,1000,105490
1000,1000,105592
1000,1000,105968
1000,1000,106093
1000,1000,106509
1000,1000,106530
1000,1000,107276
1000,1000,107327
1000,1000,107345
1000,1000,107505
1000,1000,107231
1000,1000,107361
1000,1000,107389
1000,1000,107699
1000,1000,107011
1000,1000,107205
1000,1000,107369
1000,1000,107406
1000,1000,107638
1000,1000,107704
1000,1000,107838
1000,1000,108244
1000,1000,108349
1000,1000,108884
1000,1000,108058
1000,1000,108195
1000,1000,107892
1000,1000,107852
1000,1000,106662
1000,1000,106948
1000,1000,107378
1000,1000,107553
1000,1000,107826
1000,1000,108039
1000,1000,108465
1000,1000,108675
1000,1000,108922
1000,1000,109136
1000,1000,109274
1000,1000,109349
1000,1000,108667
1000,1000,109075
1000,1000,109071
1000,1000,109098
1000,1000,109145
1000,1000,109116
1000,1000,109294
1000,1000,105435
1000,1000,105411
1000,1000,105436
1000,1000,105827
1000,1000,105958
1000,1000,106110
1000,1000,106228
1000,1000,106226
1000,1000,106329
1000,1000,106362
1000,1000,106303
1000,1000,92085
1000,1000,92090
1000,1000,92077
1000,1000,92074
1000,1000,91251
1000,1000,90709
1000,1000,90790
1000,1000,90600
1000,1000,89553
1000,1000,89447
1000,1000,89085
1000,1000,89118
1000,1000,89071
1000,1000,89223
1000,1000,89238
1000,1000,89319
1000,1000,89447
1000,1000,89544
1000,1000,89546
1000,1000,89636
1000,1000,89605
1000,1000,89621
1000,1000,89572
1000,1000,89661
1000,1000,89675
1000,1000,89676
1000,1000,89624
1000,1000,89704
1000,1000,89793
1000,1000,89839
1000,1000,89908
1000,1000,90016
1000,1000,90074
1000,1000,90209
1000,1000,90304
1000,1000,90336
1000,1000,90295
1000,1000,90434
1000,1000,90461
1000,1000,90480
1000,1000,90467
1000,1000,90504
1000,1000,3529
1000,1000,90549
1000,1000,90655
1000,1000,90540
1000,1000,90586
1000,1000,90659
1000,1000,90995
1000,1000,90952
1000,1000,90992
1000,1000,90968
1000,1000,91153
1000,1000,91107
1000,1000,4512
1000,1000,91144
1000,1000,91149
1000,1000,91368
1000,1000,91359
1000,1000,91429
1000,1000,91512
1000,1000,91687
1000,1000,91805
1000,1000,91879
1000,1000,91914
1000,1000,91995
1000,1000,92111
1000,1000,92196
1000,1000,92210
1000,1000,92171
1000,1000,92266
1000,1000,92329
1000,1000,92377
1000,1000,92394
1000,1000,92480
1000,1000,92566
1000,1000,92808
1000,1000,93183
1000,1000,93288
1000,1000,93534
1000,1000,93426
1000,1000,93470
1000,1000,93410
1000,1000,91781
1000,1000,92029
1000,1000,91942
1000,1000,92175
1000,1000,92354
1000,1000,92533
1000,1000,92654
1000,1000,92685
1000,1000,92803
1000,1000,92926
1000,1000,92828
1000,1000,92912
1000,1000,92969
1000,1000,93004
1000,1000,93006
1000,1000,93010
1000,1000,93048
1000,1000,93042
1000,1000,93109
1000,1000,93217
1000,1000,93255
1000,1000,93252
1000,1000,93318
1000,1000,93405
1000,1000,93420
1000,1000,93477
1000,1000,93469
1000,1000,93524
1000,1000,93494
1000,1000,93475
1000,1000,93506
1000,1000,93546
1000,1000,93673
1000,1000,93760
1000,1000,93688
1000,1000,93617
1000,1000,93725
1000,1000,93708
1000,1000,93761
1000,1000,93793
1000,1000,93799
1000,1000,93804
1000,1000,93739
1000,1000,93785
1000,1000,93796
1000,1000,93796
1000,1000,93823
1000,1000,93809
1000,1000,93885
1000,1000,93899
1000,1000,93974
1000,1000,93983
1000,1000,93968
1000,1000,93926
1000,1000,93890
1000,1000,93806
1000,1000,93920
1000,1000,93866
1000,1000,93945
1000,1000,93901
1000,1000,93955
1000,1000,93940
1000,1000,93974
1000,1000,93989
1000,1000,93979
1000,1000,94023
1000,1000,93997
1000,1000,93972
1000,1000,94010
1000,1000,94003
1000,1000,94127
1000,1000,94098
1000,1000,94259
1000,1000,94264
1000,1000,94305
1000,1000,94448
1000,1000,94642
1000,1000,94801
1000,1000,94993
1000,1000,95282
1000,1000,95472
1000,1000,95553
1000,1000,95515
1000,1000,95441
1000,1000,95576
1000,1000,95583
1000,1000,95592
1000,1000,95603
1000,1000,95603
1000,1000,95580
1000,1000,95477
1000,1000,95595
1000,1000,95566
1000,1000,95674
1000,1000,95703
1000,1000,95803
1000,1000,95824
1000,1000,95877
1000,1000,96005
1000,1000,96026
1000,1000,96111
1000,1000,96174
1000,1000,96366
1000,1000,96348
1000,1000,96417
1000,1000,96498
1000,1000,96585
1000,1000,96554
1000,1000,96516
1000,1000,96721
1000,1000,96679
1000,1000,96687
1000,1000,96563
1000,1000,96500
1000,1000,96024
1000,1000,96007
1000,1000,96056
1000,1000,96056
1000,1000,96124
1000,1000,96089
1000,1000,96143
1000,1000,96245
1000,1000,96360
1000,1000,96489
1000,1000,96469
1000,1000,96475
1000,1000,96416
1000,1000,96468
1000,1000,96434
1000,1000,96365
1000,1000,96344
1000,1000,96507
1000,1000,96805
1000,1000,96833
1000,1000,96873
1000,1000,96841
1000,1000,96924
1000,1000,96708
1000,1000,96680
1000,1000,96734
1000,1000,96739
1000,1000,96880
1000,1000,96952
1000,1000,96975
1000,1000,96973
1000,1000,96571
1000,1000,96425
1000,1000,96456
1000,1000,96450
1000,1000,96437
1000,1000,96392
1000,1000,96434
1000,1000,96415
1000,1000,96417
1000,1000,96372
1000,1000,96258
1000,1000,96240
1000,1000,96006
1000,1000,95950
1000,1000,95961
1000,1000,95955
1000,1000,95923
1000,1000,95982
1000,1000,95957
1000,1000,95932
1000,1000,95913
1000,1000,92692
1000,1000,92824
1000,1000,92940
1000,1000,92968
1000,1000,93128
1000,1000,92742
1000,1000,92828
1000,1000,92822
1000,1000,92936
1000,1000,93061
1000,1000,93100
1000,1000,93100
1000,1000,93161
1000,1000,93264
1000,1000,93299
1000,1000,93402
1000,1000,93465
1000,1000,93552
1000,1000,93613
1000,1000,93553
1000,1000,93605
1000,1000,93786
1000,1000,93913
1000,1000,94008
1000,1000,94241
1000,1000,94277
1000,1000,94311
1000,1000,94353
1000,1000,94304
1000,1000,94235
1000,1000,94220
1000,1000,94227
1000,1000,94204
1000,1000,94188
1000,1000,94128
1000,1000,94040
1000,1000,93911
1000,1000,93971
1000,1000,93929
1000,1000,93972
1000,1000,93968
1000,1000,93961
1000,1000,94008
1000,1000,78244
1000,1000,78234
1000,1000,78273
1000,1000,78344
1000,1000,78276
1000,1000,78326
1000,1000,78363
1000,1000,78513
1000,1000,78585
1000,1000,78575
1000,1000,78668
1000,1000,78705
1000,1000,78721
1000,1000,78772
1000,1000,78833
1000,1000,78893
1000,1000,79008
1000,1000,79118
1000,1000,79153
1000,1000,79766
1000,1000,80119
1000,1000,80462
1000,1000,80920
1000,1000,80980
1000,1000,81090
1000,1000,81125
1000,1000,81237
1000,1000,81328
1000,1000,81360
1000,1000,81388
1000,1000,81463
1000,1000,81570
1000,1000,81640
1000,1000,81713
1000,1000,81750
1000,1000,81809
1000,1000,81827
1000,1000,81945
1000,1000,82024
1000,1000,82153
1000,1000,82204
1000,1000,82497
1000,1000,82945
1000,1000,83138
1000,1000,83464
1000,1000,83588
1000,1000,83654
1000,1000,83699
1000,1000,83769
1000,1000,83816
1000,1000,83851
1000,1000,83918
1000,1000,83925
1000,1000,83928
1000,1000,83975
1000,1000,84008
1000,1000,84075
1000,1000,84116
1000,1000,84184
1000,1000,84290
1000,1000,84406
1000,1000,84413
1000,1000,84482
1000,1000,84522
1000,1000,84551
1000,1000,84564
1000,1000,84690
1000,1000,84799
1000,1000,84866
1000,1000,84954
1000,1000,85072
1000,1000,85301
1000,1000,85457
1000,1000,85637
1000,1000,85862
1000,1000,85950
1000,1000,85992
1000,1000,86114
1000,1000,86225
1000,1000,86382
1000,1000,86464
1000,1000,86795
1000,1000,86873
1000,1000,86980
1000,1000,87040
1000,1000,87163
1000,1000,87247
1000,1000,87270
1000,1000,87321
1000,1000,87593
1000,1000,87600
1000,1000,88254
1000,1000,88295
1000,1000,88603
1000,1000,88786
1000,1000,88932
1000,1000,89041
1000,1000,89231
1000,1000,89360
1000,1000,89419
1000,1000,89645
1000,1000,89817
1000,1000,90007
1000,1000,90102
1000,1000,90385
1000,1000,90467
1000,1000,90636
1000,1000,90740
1000,1000,90961
1000,1000,91083
1000,1000,91306
1000,1000,91358
1000,1000,91420
1000,1000,91668
1000,1000,91857
1000,1000,91966
1000,1000,92211
1000,1000,92492
1000,1000,92540
1000,1000,92689
1000,1000,92713
1000,1000,92931
1000,1000,93015
1000,1000,93076
1000,1000,93289
1000,1000,93411
1000,1000,93480
1000,1000,93625
1000,1000,93952
1000,1000,93959
1000,1000,94135
1000,1000,94186
1000,1000,94283
1000,1000,94446
1000,1000,94656
1000,1000,94876
1000,1000,94970
1000,1000,95146
1000,1000,95287
1000,1000,95342
1000,1000,95535
1000,1000,95564
1000,1000,95759
1000,1000,95879
1000,1000,95993
1000,1000,96187
1000,1000,96338
1000,1000,96391
1000,1000,96570
1000,1000,96587
1000,1000,96712
1000,1000,96791
1000,1000,96917
1000,1000,97014
1000,1000,97246
1000,1000,97394
1000,1000,97579
1000,1000,97676
1000,1000,97757
1000,1000,97857
1000,1000,98047
1000,1000,98115
1000,1000,98300
1000,1000,98392
1000,1000,98583
1000,1000,98605
1000,1000,98625
1000,1000,98649
1000,1000,98670
1000,1000,98685
1000,1000,98759
1000,1000,98834
1000,1000,98864
1000,1000,98910
1000,1000,98948
1000,1000,98963
1000,1000,99008
1000,1000,99091
1000,1000,99083
1000,1000,99131
1000,1000,99170
1000,1000,99210
1000,1000,99278
1000,1000,99356
1000,1000,99379
1000,1000,99437
1000,1000,99496
1000,1000,99525
1000,1000,99579
1000,1000,99625
1000,1000,99678
1000,1000,99725
1000,1000,99775
1000,1000,99830
1000,1000,99881
1000,1000,99914
1000,1000,99999
1000,1000,100088
1000,1000,100129
1000,1000,100162
1000,1000,100228
1000,1000,100229
1000,1000,100346
1000,1000,100392
1000,1000,100494
1000,1000,100492
1000,1000,100514
1000,1000,100593
1000,1000,100647
1000,1000,100679
1000,1000,100843
1000,1000,100983
1000,1000,101025
1000,1000,101049
1000,1000,101217
1000,1000,101260
1000,1000,101321
1000,1000,101399
1000,1000,101429
1000,1000,101500
1000,1000,101512
1000,1000,101718
1000,1000,101760
1000,1000,101837
1000,1000,101873
1000,1000,101904
1000,1000,102014
1000,1000,102078
1000,1000,102084
1000,1000,102175
1000,1000,102284
1000,1000,102326
1000,1000,102659
1000,1000,102805
1000,1000,103041
1000,1000,103133
1000,1000,103186
1000,1000,103210
1000,1000,103298
1000,1000,103302
1000,1000,103344
1000,1000,103383
1000,1000,103418
1000,1000,103496
1000,1000,103534
1000,1000,103662
1000,1000,103754
1000,1000,103820
1000,1000,103863
1000,1000,103933
1000,1000,104032
1000,1000,104070
1000,1000,104155
1000,1000,104173
1000,1000,104223
1000,1000,104287
1000,1000,104343
1000,1000,104349
1000,1000,104437
1000,1000,104486
1000,1000,104522
1000,1000,104618
1000,1000,104640
1000,1000,104714
1000,1000,104800
1000,1000,104852
1000,1000,104936
1000,1000,104980
1000,1000,105010
1000,1000,105032
1000,1000,105102
1000,1000,105123
1000,1000,105164
1000,1000,105215
1000,1000,105284
1000,1000,105340
1000,1000,105399
1000,1000,105453
1000,1000,105507
1000,1000,105547
1000,1000,105716
1000,1000,105936
1000,1000,106015
1000,1000,106091
1000,1000,106352
1000,1000,106397
1000,1000,106450
1000,1000,106479
1000,1000,106522
1000,1000,106567
1000,1000,106611
1000,1000,106713
1000,1000,106721
1000,1000,106784
1000,1000,106860
1000,1000,106883
1000,1000,106933
1000,1000,107003
1000,1000,107036
1000,1000,107099
1000,1000,107049
1000,1000,107101
1000,1000,107178
1000,1000,107281
1000,1000,107281
1000,1000,107291
1000,1000,107366
1000,1000,107386
1000,1000,107415
1000,1000,107306
1000,1000,107147
1000,1000,107198
1000,1000,107239
1000,1000,107282
1000,1000,107311
1000,1000,107359
1000,1000,107465
1000,1000,107536
1000,1000,107641
1000,1000,107854
1000,1000,108042
1000,1000,108116
1000,1000,108107
1000,1000,108166
1000,1000,108167
1000,1000,108224
1000,1000,108284
1000,1000,108305
1000,1000,108343
1000,1000,108438
1000,1000,108490
1000,1000,108544
1000,1000,108594
1000,1000,108643
1000,1000,108702
1000,1000,108730
1000,1000,108516
1000,1000,107934
1000,1000,107936
1000,1000,107999
1000,1000,108025
1000,1000,108042
1000,1000,108134
1000,1000,108144
1000,1000,108271
1000,1000,108371
1000,1000,108460
1000,1000,108560
1000,1000,108648
1000,1000,108690
1000,1000,108424
1000,1000,108148
1000,1000,108007
1000,1000,108001
1000,1000,107988
1000,1000,107992
1000,1000,108038
1000,1000,107977
1000,1000,108041
1000,1000,108061
1000,1000,108085
1000,1000,108138
1000,1000,108214
1000,1000,108159
1000,1000,108231
1000,1000,108204
1000,1000,108270
1000,1000,108227
1000,1000,108211
1000,1000,108261
1000,1000,108299
1000,1000,108304
1000,1000,108335
1000,1000,108387
1000,1000,108359
1000,1000,108445
1000,1000,108370
1000,1000,108170
1000,1000,108163
1000,1000,108171
1000,1000,108270
1000,1000,108245
1000,1000,108315
1000,1000,108337
1000,1000,108432
1000,1000,108388
1000,1000,108473
1000,1000,108437
1000,1000,108410
1000,1000,108434
1000,1000,108419
1000,1000,108452
1000,1000,108435
1000,1000,108473
1000,1000,108501
1000,1000,108507
1000,1000,108498
1000,1000,108535
1000,1000,108551
1000,1000,108540
1000,1000,108523
1000,1000,108563
1000,1000,108630
1000,1000,108665
1000,1000,108725
1000,1000,108741
1000,1000,108778
1000,1000,108757
1000,1000,108847
1000,1000,108887
1000,1000,108975
1000,1000,108953
1000,1000,108991
1000,1000,108976
1000,1000,108947
1000,1000,109034
1000,1000,109109
1000,1000,109093
1000,1000,109112
1000,1000,109161
1000,1000,109118
1000,1000,109170
1000,1000,109198
1000,1000,109169
1000,1000,109236
1000,1000,109244
1000,1000,109271
1000,1000,109268
1000,1000,109335
1000,1000,109353
1000,1000,109401
1000,1000,109376
1000,1000,109469
1000,1000,109435
1000,1000,109442
1000,1000,109425
1000,1000,109433
1000,1000,109360
1000,1000,109393
1000,1000,109381
1000,1000,109462
1000,1000,109438
1000,1000,109477
1000,1000,109432
1000,1000,109567
1000,1000,109659
1000,1000,109729
1000,1000,109711
1000,1000,109753
1000,1000,109736
1000,1000,109741
1000,1000,109795
1000,1000,109760
1000,1000,109843
1000,1000,109802
1000,1000,109828
1000,1000,109843
1000,1000,109883
1000,1000,109893
1000,1000,109915
1000,1000,109892
1000,1000,109989
1000,1000,109926
1000,1000,110019
1000,1000,110029
1000,1000,110070
1000,1000,110115
1000,1000,110096
1000,1000,110121
1000,1000,110138
1000,1000,110210
1000,1000,110172
1000,1000,110230
1000,1000,110227
1000,1000,110197
1000,1000,110256
1000,1000,110259
1000,1000,110327
1000,1000,110276
1000,1000,110359
1000,1000,110419
1000,1000,110512
1000,1000,110480
1000,1000,110493
1000,1000,110524
1000,1000,110568
1000,1000,110577
1000,1000,110387
1000,1000,110391
1000,1000,110441
1000,1000,110282
1000,1000,110295
1000,1000,110270
1000,1000,110255
1000,1000,110236
1000,1000,110221
1000,1000,110080
1000,1000,110128
1000,1000,110149
1000,1000,110081
1000,1000,110109
1000,1000,110085
1000,1000,110128
1000,1000,110156
1000,1000,110194
1000,1000,110137
1000,1000,110194
1000,1000,110154
1000,1000,110201
1000,1000,110210
1000,1000,110261
1000,1000,110185
1000,1000,110208
1000,1000,110259
10000,10,60
10000,10,36
10000,10,45
10000,10,13
10000,10,11
10000,10,11
10000,10,11
10000,10,11
10000,10,11
10000,10,12
10000,100,96
10000,100,11
10000,100,68
10000,100,31
10000,100,14
10000,100,67
10000,100,58
10000,100,59
10000,100,58
10000,100,77
10000,100,20
10000,100,30
10000,100,19
10000,100,12
10000,100,12
10000,100,13
10000,100,31
10000,100,12
10000,100,12
10000,100,19
10000,100,11
10000,100,11
10000,100,11
10000,100,11
10000,100,11
10000,100,13
10000,100,11
10000,100,13
10000,100,11
10000,100,11
10000,100,11
10000,100,11
10000,100,11
10000,100,17
10000,100,11
10000,100,11
10000,100,11
10000,100,13
10000,100,11
10000,100,11
10000,100,14
10000,100,13
10000,100,14
10000,100,11
10000,100,11
10000,100,11
10000,100,11
10000,100,16
10000,100,35
10000,100,58
10000,100,25
10000,100,11
10000,100,11
10000,100,87
10000,100,12
10000,100,13
10000,100,11
10000,100,11
10000,100,11
10000,100,11
10000,100,10
10000,100,11
10000,100,11
10000,100,15
10000,100,13
10000,100,13
10000,100,400
10000,100,13
10000,100,14
10000,100,1217
10000,100,677
10000,100,991
10000,100,547
10000,100,15
10000,100,676
10000,100,643
10000,100,854
10000,100,13
10000,100,13
10000,100,11
10000,100,892
10000,100,19
10000,100,1796
10000,100,1632
10000,100,1232
10000,100,1198
10000,100,1162
10000,100,15
10000,100,11
10000,100,11
10000,100,1468
10000,100,1446
10000,1000,101
10000,1000,82
10000,1000,54
10000,1000,52
10000,1000,54
10000,1000,87
10000,1000,18
10000,1000,20
10000,1000,12
10000,1000,16
10000,1000,8
10000,1000,56640
10000,1000,64
10000,1000,56465
10000,1000,55322
10000,1000,55152
10000,1000,55171
10000,1000,55101
10000,1000,55060
10000,1000,55033
10000,1000,54966
10000,1000,54927
10000,1000,54872
10000,1000,54876
10000,1000,54848
10000,1000,54805
10000,1000,54759
10000,1000,54730
10000,1000,54699
10000,1000,54645
10000,1000,54611
10000,1000,54577
10000,1000,54558
10000,1000,54503
10000,1000,54479
10000,1000,54424
10000,1000,54364
10000,1000,54302
10000,1000,54263
10000,1000,54070
10000,1000,54000
10000,1000,53928
10000,1000,53882
10000,1000,53821
10000,1000,53775
10000,1000,53819
10000,1000,53887
10000,1000,53057
10000,1000,53103
10000,1000,53070
10000,1000,53064
10000,1000,53051
10000,1000,53273
10000,1000,53590
10000,1000,53715
10000,1000,53893
10000,1000,53948
10000,1000,54089
10000,1000,54638
10000,1000,55007
10000,1000,55395
10000,1000,55447
10000,1000,55641
10000,1000,55837
10000,1000,55771
10000,1000,55717
10000,1000,55708
10000,1000,55662
10000,1000,55655
10000,1000,55642
10000,1000,55626
10000,1000,55607
10000,1000,55536
10000,1000,55499
10000,1000,55487
10000,1000,55485
10000,1000,55475
10000,1000,55457
10000,1000,55484
10000,1000,55427
10000,1000,57064
10000,1000,57113
10000,1000,57294
10000,1000,57523
10000,1000,57781
10000,1000,61010
10000,1000,61053
10000,1000,61017
10000,1000,61075
10000,1000,61100
10000,1000,61409
10000,1000,61686
10000,1000,61902
10000,1000,61957
10000,1000,62449
10000,1000,62394
10000,1000,63005
10000,1000,63132
10000,1000,63305
10000,1000,63489
10000,1000,9014
10000,1000,9011
10000,1000,9113
10000,1000,9127
10000,1000,9405
10000,1000,9517
10000,1000,9537
10000,1000,9944
10000,1000,10065
10000,1000,10082
10000,1000,10185
10000,1000,10377
10000,1000,10472
10000,1000,66253
10000,1000,66356
10000,1000,66382
10000,1000,66558
10000,1000,66552
10000,1000,66725
10000,1000,67156
10000,1000,67290
10000,1000,67358
10000,1000,67516
10000,1000,67664
10000,1000,67720
10000,1000,68038
10000,1000,68084
10000,1000,68080
10000,1000,68115
10000,1000,12
10000,1000,12
10000,1000,68171
10000,1000,68205
10000,1000,10
10000,1000,68201
10000,1000,68174
10000,1000,68186
10000,1000,68163
10000,1000,68146
10000,1000,68155
10000,1000,68100
10000,1000,67911
10000,1000,67869
10000,1000,67808
10000,1000,67837
10000,1000,67781
10000,1000,67810
10000,1000,67759
10000,1000,67811
10000,1000,67780
10000,1000,67776
10000,1000,67784
10000,1000,67688
10000,1000,67821
10000,1000,67828
10000,1000,67797
10000,1000,67713
10000,1000,67743
10000,1000,67738
10000,1000,67740
10000,1000,67730
10000,1000,67710
10000,1000,67734
10000,1000,67718
10000,1000,67719
10000,1000,67717
10000,1000,67696
10000,1000,67688
10000,1000,67694
10000,1000,67753
10000,1000,67715
10000,1000,67730
10000,1000,67724
10000,1000,2257
10000,1000,67789
10000,1000,67784
10000,1000,67820
10000,1000,67728
10000,1000,67769
10000,1000,67765
10000,1000,67805
10000,1000,67774
10000,1000,67799
10000,1000,67727
10000,1000,67658
10000,1000,67674
10000,1000,67634
10000,1000,2381
10000,1000,67688
10000,1000,67682
10000,1000,67701
10000,1000,67717
10000,1000,67677
10000,1000,67669
10000,1000,67650
10000,1000,67676
10000,1000,67653
10000,1000,67640
10000,1000,67660
10000,1000,67668
10000,1000,67596
10000,1000,67585
10000,1000,67537
10000,1000,67538
10000,1000,67496
10000,1000,67490
10000,1000,67460
10000,1000,67474
10000,1000,67418
10000,1000,67406
10000,1000,67352
10000,1000,67291
10000,1000,67276
10000,1000,67208
10000,1000,67150
10000,1000,67095
10000,1000,67062
10000,1000,67065
10000,1000,67089
10000,1000,67119
10000,1000,67078
10000,1000,67117
10000,1000,67129
10000,1000,67033
10000,1000,67069
10000,1000,67066
10000,1000,67061
10000,1000,67041
10000,1000,67072
10000,1000,67039
10000,1000,67048
10000,1000,66989
10000,1000,66977
10000,1000,66939
10000,1000,66980
10000,1000,66934
10000,1000,66959
10000,1000,66949
10000,1000,67015
10000,1000,67015
10000,1000,67028
10000,1000,66925
10000,1000,66978
10000,1000,67027
10000,1000,67024
10000,1000,67049
10000,1000,67098
10000,1000,67129
10000,1000,67148
10000,1000,67171
10000,1000,67180
10000,1000,67216
10000,1000,67256
10000,1000,67311
10000,1000,67327
10000,1000,67355
10000,1000,67437
10000,1000,67440
10000,1000,67509
10000,1000,67477
10000,1000,67564
10000,1000,67512
10000,1000,67516
10000,1000,67497
10000,1000,67594
10000,1000,67532
10000,1000,67547
10000,1000,67527
10000,1000,67576
10000,1000,67539
10000,1000,67509
10000,1000,67506
10000,1000,67442
10000,1000,67472
10000,1000,67349
10000,1000,67355
10000,1000,67336
10000,1000,67330
10000,1000,67301
10000,1000,67317
10000,1000,67339
10000,1000,67349
10000,1000,67348
10000,1000,67538
10000,1000,6
10000,1000,67604
10000,1000,67605
10000,1000,67628
10000,1000,67623
10000,1000,67653
10000,1000,67646
10000,1000,67689
10000,1000,67682
10000,1000,67694
10000,1000,67679
10000,1000,67733
10000,1000,67743
10000,1000,67784
10000,1000,67726
10000,1000,62713
10000,1000,62733
10000,1000,62778
10000,1000,63097
10000,1000,62484
10000,1000,67038
10000,1000,70740
10000,1000,62442
10000,1000,62538
10000,1000,62438
10000,1000,62410
10000,1000,62389
10000,1000,62300
10000,1000,62286
10000,1000,62214
10000,1000,62148
10000,1000,60739
10000,1000,60049
10000,1000,59943
10000,1000,59879
10000,1000,59849
10000,1000,59799
10000,1000,59746
10000,1000,59693
10000,1000,59694
10000,1000,59628
10000,1000,59571
10000,1000,59575
10000,1000,59534
10000,1000,59395
10000,1000,59371
10000,1000,59347
10000,1000,59277
10000,1000,59227
10000,1000,59195
10000,1000,59148
10000,1000,59074
10000,1000,59024
10000,1000,59009
10000,1000,58984
10000,1000,58962
10000,1000,58892
10000,1000,58846
10000,1000,58812
10000,1000,58770
10000,1000,58714
10000,1000,58684
10000,1000,58641
10000,1000,58572
10000,1000,58558
10000,1000,58501
10000,1000,58470
10000,1000,58459
10000,1000,58413
10000,1000,58368
10000,1000,58292
10000,1000,58104
10000,1000,58079
10000,1000,58024
10000,1000,58007
10000,1000,57943
10000,1000,57924
10000,1000,57884
10000,1000,57844
10000,1000,57827
10000,1000,57781
10000,1000,57735
10000,1000,57668
10000,1000,57638
10000,1000,57562
10000,1000,57521
10000,1000,6975
10000,1000,6942
10000,1000,6883
10000,1000,6830
10000,1000,6804
10000,1000,6770
10000,1000,6724
10000,1000,6661
10000,1000,6624
10000,1000,6589
10000,1000,6531
10000,1000,6474
10000,1000,6429
10000,1000,6367
10000,1000,6341
10000,1000,6345
10000,1000,6308
10000,1000,6272
10000,1000,6225
10000,1000,6170
10000,1000,6171
10000,1000,6138
10000,1000,6091
10000,1000,6074
10000,1000,6016
10000,1000,5977
10000,1000,5958
10000,1000,5904
10000,1000,5876
10000,1000,5832
10000,1000,5775
10000,1000,5741
10000,1000,5708
10000,1000,5670
10000,1000,5509
10000,1000,58726
10000,1000,58739
10000,1000,58686
10000,1000,58623
10000,1000,58562
10000,1000,58644
10000,1000,58636
10000,1000,58658
10000,1000,58636
10000,1000,58637
10000,1000,58604
10000,1000,58657
10000,1000,58579
10000,1000,58596
10000,1000,58523
10000,1000,58507
10000,1000,58461
10000,1000,58458
10000,1000,58485
10000,1000,58509
10000,1000,58488
10000,1000,59154
10000,1000,59127
10000,1000,59131
10000,1000,59110
10000,1000,59165
10000,1000,59118
10000,1000,59144
10000,1000,59145
10000,1000,59133
10000,1000,59136
10000,1000,59120
10000,1000,59113
10000,1000,59139
10000,1000,59145
10000,1000,59132
10000,1000,59113
10000,1000,59118
10000,1000,59098
10000,1000,59116
10000,1000,59015
10000,1000,59007
10000,1000,58997
10000,1000,58997
10000,1000,58941
10000,1000,58945
10000,1000,58922
10000,1000,58933
10000,1000,58915
10000,1000,58929
10000,1000,58929
10000,1000,58957
10000,1000,59112
10000,1000,59151
10000,1000,59067
10000,1000,59071
10000,1000,59049
10000,1000,59014
10000,1000,58939
10000,1000,58964
10000,1000,58883
10000,1000,58887
10000,1000,58847
10000,1000,58812
10000,1000,58726
10000,1000,58658
10000,1000,58631
10000,1000,58541
10000,1000,58424
10000,1000,58384
10000,1000,58098
10000,1000,58033
10000,1000,57982
10000,1000,57940
10000,1000,57872
10000,1000,57825
10000,1000,57663
10000,1000,57465
10000,1000,57421
10000,1000,57382
10000,1000,57209
10000,1000,57167
10000,1000,57145
10000,1000,56975
10000,1000,56007
10000,1000,55802
10000,1000,55743
10000,1000,55743
10000,1000,55689
10000,1000,55644
10000,1000,55596
10000,1000,55563
10000,1000,55517
10000,1000,55491
10000,1000,55467
10000,1000,55400
10000,1000,55360
10000,1000,55302
10000,1000,55241
10000,1000,55123
10000,1000,55076
10000,1000,55046
10000,1000,54985
10000,1000,54915
10000,1000,54875
10000,1000,54781
10000,1000,54636
10000,1000,54621
10000,1000,54564
10000,1000,54497
10000,1000,54431
10000,1000,54409
10000,1000,54291
10000,1000,54256
10000,1000,54204
10000,1000,54166
10000,1000,53937
10000,1000,53854
10000,1000,53793
10000,1000,53744
10000,1000,53688
10000,1000,53442
10000,1000,53422
10000,1000,53316
10000,1000,53275
10000,1000,53235
10000,1000,53154
10000,1000,53144
10000,1000,53143
10000,1000,53126
10000,1000,53040
10000,1000,53042
10000,1000,52963
10000,1000,53008
10000,1000,52958
10000,1000,52797
10000,1000,52789
10000,1000,52751
10000,1000,52683
10000,1000,52604
10000,1000,52276
10000,1000,52235
10000,1000,52327
10000,1000,52455
10000,1000,52611
10000,1000,52621
10000,1000,52575
10000,1000,52526
10000,1000,52462
10000,1000,52223
10000,1000,52208
10000,1000,52167
10000,1000,51969
10000,1000,51921
10000,1000,51960
10000,1000,51907
10000,1000,51848
10000,1000,51779
10000,1000,51743
10000,1000,51369
10000,1000,51316
10000,1000,51272
10000,1000,51245
10000,1000,47558
10000,1000,46931
10000,1000,103443
10000,1000,96376
10000,1000,93334
10000,1000,80744
10000,1000,64701
10000,1000,64638
10000,1000,63859
10000,1000,62969
10000,1000,62911
10000,1000,62731
10000,1000,62421
10000,1000,62380
10000,1000,60928
10000,1000,60891
10000,1000,59764
10000,1000,59236
10000,1000,59114
10000,1000,58609
10000,1000,58256
10000,1000,58218
10000,1000,57687
10000,1000,57616
10000,1000,57636
10000,1000,57552
10000,1000,57497
10000,1000,57384
10000,1000,57325
10000,1000,57312
10000,1000,56796
10000,1000,56759
10000,1000,56258
10000,1000,56192
10000,1000,56111
10000,1000,55313
10000,1000,55243
10000,1000,55195
10000,1000,54906
10000,1000,54841
10000,1000,78836
10000,1000,64736
10000,1000,336
10000,1000,16
10000,1000,11
10000,1000,11
10000,1000,11
10000,1000,10
10000,1000,11
10000,1000,10
10000,1000,10
10000,1000,13
10000,1000,10
10000,1000,10
10000,1000,55
10000,1000,11
10000,1000,12
10000,1000,10
10000,1000,10
10000,1000,10
10000,1000,10
10000,1000,54
10000,1000,56
10000,1000,90
10000,1000,90
10000,1000,56
10000,1000,71
10000,1000,54
10000,1000,54
10000,1000,26
10000,1000,58
10000,1000,54
10000,1000,53
10000,1000,53
10000,1000,53
10000,1000,54
10000,1000,943
10000,1000,67
10000,1000,56
10000,1000,54
10000,1000,54
10000,1000,64
10000,1000,55
10000,1000,60
10000,1000,55
10000,1000,54
10000,1000,53
10000,1000,53
10000,1000,68
10000,1000,54
10000,1000,54
10000,1000,62
10000,1000,58
10000,1000,56
10000,1000,52
10000,1000,55
10000,1000,54
10000,1000,54
10000,1000,24
10000,1000,3320
10000,1000,2612
10000,1000,814
10000,1000,907
10000,1000,55
10000,1000,53
10000,1000,53
10000,1000,53
10000,1000,53
10000,1000,53
10000,1000,53
10000,1000,56
10000,1000,54
10000,1000,54
10000,1000,53
10000,1000,55
10000,1000,53
10000,1000,53
10000,1000,53
10000,1000,68
10000,1000,56
10000,1000,57
10000,1000,54
10000,1000,54
10000,1000,53
10000,1000,54
10000,1000,90
10000,1000,53
10000,1000,2242
10000,1000,57
10000,1000,55
10000,1000,53
10000,1000,53
10000,1000,64
10000,1000,53
10000,1000,52
10000,1000,52
10000,1000,52
10000,1000,52
10000,1000,52
10000,1000,60
10000,1000,54
10000,1000,13
10000,1000,8
10000,1000,10
10000,1000,6
10000,1000,12
10000,1000,6
10000,1000,54
10000,1000,15
10000,1000,11
10000,1000,10
10000,1000,11
10000,1000,11
10000,1000,11
10000,1000,10
10000,1000,10
10000,1000,10
10000,1000,10
10000,1000,10
10000,1000,10
10000,1000,10
10000,1000,10
10000,1000,10
10000,1000,13
10000,1000,13
10000,1000,10
10000,1000,12
10000,1000,10
10000,1000,68
10000,1000,19
10000,1000,11
10000,1000,11
10000,1000,11
10000,1000,88
10000,1000,11
10000,1000,11
10000,1000,10
10000,1000,10
10000,1000,10
10000,1000,13
10000,1000,10
10000,1000,10
10000,1000,10
10000,1000,11
10000,1000,10
10000,1000,10
10000,1000,10
10000,1000,10
10000,1000,10
10000,1000,10
10000,1000,10
10000,1000,10
10000,1000,10
10000,1000,10
10000,1000,10
10000,1000,10
10000,1000,57
10000,1000,14
10000,1000,70
10000,1000,24
10000,1000,12
10000,1000,11
10000,1000,11
10000,1000,11
10000,1000,65
10000,1000,16
10000,1000,7
10000,1000,57
10000,1000,16
10000,1000,12
10000,1000,62
10000,1000,1594
10000,1000,15
10000,1000,434
10000,1000,126
10000,1000,4002
10000,1000,55
10000,1000,53
10000,1000,53
10000,1000,47
10000,1000,53
10000,1000,14
10000,1000,6
10000,1000,13
10000,1000,8
10000,1000,53
10000,1000,131
10000,1000,57
10000,1000,42
10000,1000,48
10000,1000,13
10000,1000,9
10000,1000,12
10000,1000,10
10000,1000,62
10000,1000,65
10000,1000,55
10000,1000,54
10000,1000,55
10000,1000,54
10000,1000,53
10000,1000,54
10000,1000,54
10000,1000,69
10000,1000,54
10000,1000,40
10000,1000,55
10000,1000,62
10000,1000,53
10000,1000,54
10000,1000,45
10000,1000,33
10000,1000,14
10000,1000,54
10000,1000,72
10000,1000,20
10000,1000,21
10000,1000,22
10000,1000,20
10000,1000,44
10000,1000,26
10000,1000,14
10000,1000,12
10000,1000,12
10000,1000,13
10000,1000,14
10000,1000,13
10000,1000,11
10000,1000,13
10000,1000,85
10000,1000,11
10000,1000,9
10000,1000,12
10000,1000,8
10000,1000,12
10000,1000,12
10000,1000,12
10000,1000,9
10000,1000,11
10000,1000,11
10000,1000,11
10000,1000,11
10000,1000,10
10000,1000,11
10000,1000,16
10000,1000,11
10000,1000,10
10000,1000,11
10000,1000,66
10000,1000,16
10000,1000,10
10000,1000,57
10000,1000,16
10000,1000,161
10000,1000,11
10000,1000,13
10000,1000,42
10000,1000,214
10000,1000,12
10000,1000,15
10000,1000,15
10000,1000,83
10000,1000,10
10000,1000,9
10000,1000,11
10000,1000,11
10000,1000,8
10000,1000,11
10000,1000,12
10000,1000,11
10000,1000,9
10000,1000,12
10000,1000,8
10000,1000,10
10000,1000,12
10000,1000,54
10000,1000,10
10000,1000,11
10000,1000,9
10000,1000,12
10000,1000,16
10000,1000,13
10000,1000,13
10000,1000,17
10000,1000,16
10000,1000,11
10000,1000,581
10000,1000,12
10000,1000,217
10000,1000,12
10000,1000,10
10000,1000,15
10000,1000,10
10000,1000,10
10000,1000,12
10000,1000,11
10000,1000,11
10000,1000,11
10000,1000,11
10000,1000,10
10000,1000,11
10000,1000,15
10000,1000,11
10000,1000,11
10000,1000,12
10000,1000,12
10000,1000,12
10000,1000,16
10000,1000,16
10000,1000,14
10000,1000,12
10000,1000,12
10000,1000,38
10000,1000,10
10000,1000,11
10000,1000,20
10000,1000,18
10000,1000,10
10000,1000,11
10000,1000,10
10000,1000,11
10000,1000,12
10000,1000,18
10000,1000,11
10000,1000,10
10000,1000,60
10000,1000,18
10000,1000,55
10000,1000,32
10000,1000,9
10000,1000,12
10000,1000,18
10000,1000,12
10000,1000,11
10000,1000,10
10000,1000,12
10000,1000,11
10000,1000,12
10000,1000,12
10000,1000,9
10000,1000,11
10000,1000,11
10000,1000,12
10000,1000,12
10000,1000,10
10000,1000,10
10000,1000,11
10000,1000,11
10000,1000,13
10000,1000,11
10000,1000,10
10000,1000,11
10000,1000,10
10000,1000,19
10000,1000,11
10000,1000,11
10000,1000,16
10000,1000,14
10000,1000,11
10000,1000,12
10000,1000,12
10000,1000,9
10000,1000,11
10000,1000,24
10000,1000,12
10000,1000,9
10000,1000,12
10000,1000,9
10000,1000,11
10000,1000,11
10000,1000,11
10000,1000,11
10000,1000,12
10000,1000,10
10000,1000,9
10000,1000,14
10000,1000,12
10000,1000,11
10000,1000,47
10000,1000,24
10000,1000,9
10000,1000,17
10000,1000,19
10000,1000,13
10000,1000,24
100000,10,42
100000,10,13
100000,10,32
100000,10,18
100000,10,101
100000,10,11
100000,10,22
100000,10,9
100000,10,8
100000,10,10
10000,1000,12
10000,1000,27
10000,1000,16
10000,1000,43
10000,1000,15
10000,1000,21
10000,1000,23
100000,100,113
100000,100,14
100000,100,10
100000,100,14
100000,100,51
100000,100,3073
100000,100,3150
100000,100,3312
100000,100,9030
100000,100,9234
100000,100,8795
100000,100,8700
100000,100,8806
100000,100,8669
100000,100,8141
100000,100,8268
100000,100,8458
100000,100,8919
100000,100,78
100000,100,49
100000,100,44
100000,100,13
100000,100,6
100000,100,12
100000,100,6
100000,100,45
100000,100,49
100000,100,12
100000,100,6
100000,100,54
100000,100,41
100000,100,12
100000,100,8
100000,100,11
100000,100,17
100000,100,11
100000,100,65
100000,100,12
100000,100,6
100000,100,11
100000,100,6
100000,100,11
100000,100,7
100000,100,53
100000,100,33
100000,100,11
100000,100,6
100000,100,31
100000,100,39
100000,100,11
100000,100,5
100000,100,11
100000,100,5
100000,100,11
100000,100,5
100000,100,11
100000,100,6
100000,100,11
100000,100,6
100000,100,11
100000,100,6
100000,100,11
100000,100,5
100000,100,12
100000,100,6
100000,100,11
100000,100,49
100000,100,52
100000,100,12
100000,100,31
100000,100,16
100000,100,45
100000,100,14
100000,100,17
100000,100,34
100000,100,13
100000,100,31
100000,100,11
100000,100,6
100000,100,11
100000,100,5
100000,100,9
100000,100,5
100000,100,12
100000,100,5
100000,100,12
100000,100,5
100000,100,11
100000,100,6
100000,100,11
100000,100,5
100000,100,21
100000,100,6
100000,100,8
100000,100,7
100000,100,25
100000,100,11
100000,100,9
100000,100,9
100000,100,4
100000,1000,54
100000,1000,24
100000,1000,22
100000,1000,194
100000,1000,84
100000,1000,23
100000,1000,18
100000,1000,23
100000,1000,59
100000,1000,10
100000,1000,22
100000,1000,75278
100000,1000,74698
100000,1000,74690
100000,1000,74575
100000,1000,74377
100000,1000,74044
100000,1000,73918
100000,1000,68650
100000,1000,68656
100000,1000,68697
100000,1000,68573
100000,1000,68545
100000,1000,68438
100000,1000,68325
100000,1000,68226
100000,1000,68233
100000,1000,68126
100000,1000,68152
100000,1000,67811
100000,1000,67787
100000,1000,67785
100000,1000,67731
100000,1000,67696
100000,1000,67562
100000,1000,67473
100000,1000,67465
100000,1000,67372
100000,1000,67348
100000,1000,67326
100000,1000,67298
100000,1000,67237
100000,1000,67150
100000,1000,67126
100000,1000,67120
100000,1000,67121
100000,1000,67044
100000,1000,67067
100000,1000,67048
100000,1000,66905
100000,1000,66827
100000,1000,66712
100000,1000,66875
100000,1000,66750
100000,1000,66752
100000,1000,66591
100000,1000,66609
100000,1000,66603
100000,1000,66477
100000,1000,66447
100000,1000,66458
100000,1000,66367
100000,1000,66285
100000,1000,66303
100000,1000,66245
100000,1000,66253
100000,1000,66189
100000,1000,66145
100000,1000,66100
100000,1000,66071
100000,1000,66036
100000,1000,65953
100000,1000,66024
100000,1000,40
100000,1000,16
100000,1000,66053
100000,1000,65955
100000,1000,65914
100000,1000,65868
100000,1000,9
100000,1000,65932
100000,1000,31
100000,1000,17
100000,1000,65974
100000,1000,11
100000,1000,65943
100000,1000,65927
100000,1000,65907
100000,1000,65885
100000,1000,65820
100000,1000,65804
100000,1000,65755
100000,1000,65746
100000,1000,65691
100000,1000,65685
100000,1000,65670
100000,1000,65704
100000,1000,65652
100000,1000,65526
100000,1000,65444
100000,1000,65350
100000,1000,65342
100000,1000,65293
100000,1000,65303
100000,1000,65229
100000,1000,65135
100000,1000,65095
100000,1000,65080
100000,1000,65065
100000,1000,64988
100000,1000,64986
100000,1000,64930
100000,1000,64691
100000,1000,64665
100000,1000,64695
100000,1000,64600
100000,1000,64478
100000,1000,64505
100000,1000,64473
100000,1000,64408
100000,1000,64383
100000,1000,64383
100000,1000,64258
100000,1000,64256
100000,1000,64241
100000,1000,64116
100000,1000,64106
100000,1000,64110
100000,1000,64040
100000,1000,64020
100000,1000,63967
100000,1000,63850
100000,1000,63821
100000,1000,63751
100000,1000,63720
100000,1000,63725
100000,1000,63629
100000,1000,63630
100000,1000,63636
100000,1000,63539
100000,1000,63538
100000,1000,63531
100000,1000,63465
100000,1000,63500
100000,1000,63456
100000,1000,63405
100000,1000,63255
100000,1000,63208
100000,1000,63122
100000,1000,63157
100000,1000,63089
100000,1000,62942
100000,1000,62953
100000,1000,62834
100000,1000,62838
100000,1000,62831
100000,1000,62738
100000,1000,62735
100000,1000,62731
100000,1000,62622
100000,1000,62637
100000,1000,62565
100000,1000,62562
100000,1000,62514
100000,1000,62410
100000,1000,62425
100000,1000,62278
100000,1000,62386
100000,1000,62251
100000,1000,62268
100000,1000,62189
100000,1000,62122
100000,1000,62099
100000,1000,62069
100000,1000,62055
100000,1000,61840
100000,1000,61809
100000,1000,61715
100000,1000,61688
100000,1000,61670
100000,1000,61605
100000,1000,61580
100000,1000,61438
100000,1000,61372
100000,1000,61253
100000,1000,61301
100000,1000,61229
100000,1000,61254
100000,1000,61153
100000,1000,61162
100000,1000,61135
100000,1000,61015
100000,1000,60955
100000,1000,60972
100000,1000,60852
100000,1000,60879
100000,1000,60768
100000,1000,60719
100000,1000,60665
100000,1000,60599
100000,1000,60570
100000,1000,60534
100000,1000,60499
100000,1000,60431
100000,1000,60336
100000,1000,60302
100000,1000,60240
100000,1000,60139
100000,1000,60116
100000,1000,60057
100000,1000,60053
100000,1000,59993
100000,1000,59960
100000,1000,59923
100000,1000,59859
100000,1000,59860
100000,1000,59895
100000,1000,59828
100000,1000,59680
100000,1000,59716
100000,1000,59683
100000,1000,59625
100000,1000,59590
100000,1000,59591
100000,1000,59550
100000,1000,59474
100000,1000,59447
100000,1000,59452
100000,1000,59377
100000,1000,59382
100000,1000,59317
100000,1000,59293
100000,1000,59295
100000,1000,59219
100000,1000,59165
100000,1000,59138
100000,1000,59120
100000,1000,59072
100000,1000,59016
100000,1000,58950
100000,1000,58829
100000,1000,58798
100000,1000,58755
100000,1000,58703
100000,1000,58657
100000,1000,58636
100000,1000,58494
100000,1000,58498
100000,1000,58449
100000,1000,58471
100000,1000,58368
100000,1000,58386
100000,1000,58324
100000,1000,58294
100000,1000,58269
100000,1000,58249
100000,1000,58261
100000,1000,58189
100000,1000,58108
100000,1000,58043
100000,1000,58034
100000,1000,58037
100000,1000,57909
100000,1000,57932
100000,1000,57935
100000,1000,57851
100000,1000,57779
100000,1000,57725
100000,1000,57691
100000,1000,57612
100000,1000,57616
100000,1000,57562
100000,1000,57552
100000,1000,57493
100000,1000,57443
100000,1000,57406
100000,1000,57389
100000,1000,57247
100000,1000,57209
100000,1000,57177
100000,1000,57148
100000,1000,57119
100000,1000,57091
100000,1000,57069
100000,1000,56935
100000,1000,56988
100000,1000,56862
100000,1000,56849
100000,1000,56930
100000,1000,56933
100000,1000,56894
100000,1000,56781
100000,1000,56754
100000,1000,56706
100000,1000,56622
100000,1000,56571
100000,1000,56531
100000,1000,56524
100000,1000,56516
100000,1000,56388
100000,1000,56349
100000,1000,56270
100000,1000,56198
100000,1000,56161
100000,1000,56122
100000,1000,56075
100000,1000,55980
100000,1000,55856
100000,1000,55863
100000,1000,55738
100000,1000,55654
100000,1000,55655
100000,1000,55577
100000,1000,55598
100000,1000,55563
100000,1000,55481
100000,1000,55494
100000,1000,55524
100000,1000,55473
100000,1000,55383
100000,1000,55324
100000,1000,55291
100000,1000,55265
100000,1000,55214
100000,1000,55212
100000,1000,55164
100000,1000,55073
100000,1000,54957
100000,1000,54825
100000,1000,54822
100000,1000,54753
100000,1000,54690
100000,1000,54645
100000,1000,54639
100000,1000,54529
100000,1000,54536
100000,1000,54552
100000,1000,54421
100000,1000,54431
100000,1000,54326
100000,1000,54325
100000,1000,54336
100000,1000,54278
100000,1000,54250
100000,1000,54124
100000,1000,54062
100000,1000,54097
100000,1000,53971
100000,1000,53904
100000,1000,53883
100000,1000,53805
100000,1000,53647
100000,1000,53590
100000,1000,53513
100000,1000,53477
100000,1000,53481
100000,1000,53441
100000,1000,53433
100000,1000,53412
100000,1000,53407
100000,1000,50193
100000,1000,50145
100000,1000,50169
100000,1000,50141
100000,1000,50134
100000,1000,50075
100000,1000,50092
100000,1000,50055
100000,1000,50072
100000,1000,50063
100000,1000,49988
100000,1000,50011
100000,1000,49975
100000,1000,49912
100000,1000,49913
100000,1000,49826
100000,1000,49819
100000,1000,49784
100000,1000,49813
100000,1000,49800
100000,1000,49790
100000,1000,49788
100000,1000,49796
100000,1000,49807
100000,1000,49775
100000,1000,49778
100000,1000,49765
100000,1000,49715
100000,1000,49739
100000,1000,49758
100000,1000,49687
100000,1000,49661
100000,1000,49673
100000,1000,49612
100000,1000,49642
100000,1000,49634
100000,1000,49626
100000,1000,49644
100000,1000,49683
100000,1000,49658
100000,1000,49497
100000,1000,49509
100000,1000,49496
100000,1000,49522
100000,1000,49391
100000,1000,49397
100000,1000,49419
100000,1000,49428
100000,1000,49445
100000,1000,49451
100000,1000,49447
100000,1000,49437
100000,1000,49381
100000,1000,49433
100000,1000,49364
100000,1000,49370
100000,1000,49284
100000,1000,49289
100000,1000,49298
100000,1000,49323
100000,1000,49250
100000,1000,49254
100000,1000,49261
100000,1000,49172
100000,1000,49243
100000,1000,49155
100000,1000,49126
100000,1000,49086
100000,1000,49061
100000,1000,49051
100000,1000,48975
100000,1000,49001
100000,1000,48973
100000,1000,48930
100000,1000,48955
100000,1000,48908
100000,1000,48880
100000,1000,48844
100000,1000,48822
100000,1000,48806
100000,1000,48776
100000,1000,48779
100000,1000,48768
100000,1000,48755
100000,1000,48724
100000,1000,48696
100000,1000,48704
100000,1000,48691
100000,1000,48686
100000,1000,48648
100000,1000,48619
100000,1000,48617
100000,1000,48594
100000,1000,48507
100000,1000,48496
100000,1000,48433
100000,1000,48472
100000,1000,48484
100000,1000,48367
100000,1000,48399
100000,1000,48433
100000,1000,48347
100000,1000,48362
100000,1000,48351
100000,1000,48268
100000,1000,48358
100000,1000,48375
100000,1000,48351
100000,1000,48362
100000,1000,48408
100000,1000,48348
100000,1000,48338
100000,1000,48369
100000,1000,48344
100000,1000,48324
100000,1000,48269
100000,1000,48223
100000,1000,48148
100000,1000,48160
100000,1000,48125
100000,1000,48096
100000,1000,48065
100000,1000,48053
100000,1000,48051
100000,1000,48010
100000,1000,48010
100000,1000,48000
100000,1000,47944
100000,1000,47911
100000,1000,47966
100000,1000,47908
100000,1000,47911
100000,1000,47904
100000,1000,47928
100000,1000,47928
100000,1000,47909
100000,1000,47890
100000,1000,47866
100000,1000,47867
100000,1000,47803
100000,1000,47754
100000,1000,47672
100000,1000,47644
100000,1000,47619
100000,1000,47613
100000,1000,47586
100000,1000,47579
100000,1000,47530
100000,1000,47501
100000,1000,47498
100000,1000,47472
100000,1000,47433
100000,1000,47441
100000,1000,47377
100000,1000,47364
100000,1000,47314
100000,1000,47334
100000,1000,47301
100000,1000,47289
100000,1000,47272
100000,1000,47243
100000,1000,47216
100000,1000,47058
100000,1000,47060
100000,1000,47088
100000,1000,47063
100000,1000,47079
100000,1000,47054
100000,1000,46997
100000,1000,46966
100000,1000,47001
100000,1000,46994
100000,1000,46948
100000,1000,46926
100000,1000,46939
100000,1000,46905
100000,1000,46898
100000,1000,46861
100000,1000,46885
100000,1000,46853
100000,1000,46848
100000,1000,46830
100000,1000,46820
100000,1000,46765
100000,1000,46723
100000,1000,46719
100000,1000,46670
100000,1000,46651
100000,1000,46591
100000,1000,46521
100000,1000,46533
100000,1000,46488
100000,1000,46508
100000,1000,46479
100000,1000,46466
100000,1000,46498
100000,1000,46443
100000,1000,46409
100000,1000,46400
100000,1000,46382
100000,1000,46381
100000,1000,46355
100000,1000,46347
100000,1000,46370
100000,1000,46301
100000,1000,46273
100000,1000,46291
100000,1000,46255
100000,1000,46233
100000,1000,46274
100000,1000,46167
100000,1000,46267
100000,1000,46179
100000,1000,46190
100000,1000,46114
100000,1000,46129
100000,1000,46056
100000,1000,46070
100000,1000,46017
100000,1000,45964
100000,1000,45986
100000,1000,45990
100000,1000,45975
100000,1000,45978
100000,1000,45940
100000,1000,45926
100000,1000,45914
100000,1000,45942
100000,1000,45904
100000,1000,45896
100000,1000,45904
100000,1000,45871
100000,1000,45892
100000,1000,45838
100000,1000,45858
100000,1000,45857
100000,1000,45766
100000,1000,45835
100000,1000,45787
100000,1000,45807
100000,1000,45776
100000,1000,45794
100000,1000,45694
100000,1000,45584
100000,1000,45528
100000,1000,45546
100000,1000,45527
100000,1000,45471
100000,1000,45488
100000,1000,45457
100000,1000,45362
100000,1000,45387
100000,1000,45417
100000,1000,45367
100000,1000,45376
100000,1000,45370
100000,1000,45396
100000,1000,45333
100000,1000,45335
100000,1000,45331
100000,1000,45291
100000,1000,45265
100000,1000,45219
100000,1000,45192
100000,1000,45186
100000,1000,45173
100000,1000,45161
100000,1000,45117
100000,1000,45120
100000,1000,45135
100000,1000,45085
100000,1000,45072
100000,1000,44974
100000,1000,44977
100000,1000,45015
100000,1000,44961
100000,1000,44904
100000,1000,44924
100000,1000,44904
100000,1000,44849
100000,1000,44851
100000,1000,44754
100000,1000,44784
100000,1000,44688
100000,1000,44677
100000,1000,44674
100000,1000,44666
100000,1000,44638
100000,1000,44660
100000,1000,44647
100000,1000,44627
100000,1000,44554
100000,1000,44572
100000,1000,44553
100000,1000,44505
100000,1000,44471
100000,1000,44490
100000,1000,44493
100000,1000,44507
100000,1000,44486
100000,1000,44461
100000,1000,44449
100000,1000,44408
100000,1000,44379
100000,1000,44346
100000,1000,44356
100000,1000,44311
100000,1000,44277
100000,1000,44266
100000,1000,44266
100000,1000,44200
100000,1000,44198
100000,1000,44198
100000,1000,44173
100000,1000,44167
100000,1000,44142
100000,1000,44119
100000,1000,44100
100000,1000,44075
100000,1000,44076
100000,1000,44047
100000,1000,44077
100000,1000,44053
100000,1000,44062
100000,1000,44037
100000,1000,44003
100000,1000,43965
100000,1000,43955
100000,1000,43915
100000,1000,43935
100000,1000,43929
100000,1000,43894
100000,1000,43858
100000,1000,43834
100000,1000,43808
100000,1000,43799
100000,1000,43793
100000,1000,43772
100000,1000,43788
100000,1000,43740
100000,1000,43758
100000,1000,43692
100000,1000,43702
100000,1000,43606
100000,1000,43567
100000,1000,43494
100000,1000,43540
100000,1000,43386
100000,1000,43395
100000,1000,43333
100000,1000,43340
100000,1000,18
100000,1000,43267
100000,1000,43289
100000,1000,43221
100000,1000,43337
100000,1000,43376
100000,1000,43343
100000,1000,43394
100000,1000,43415
100000,1000,43465
100000,1000,8
100000,1000,43502
100000,1000,19
100000,1000,9
100000,1000,43525
100000,1000,43539
100000,1000,43505
100000,1000,43478
100000,1000,43480
100000,1000,43425
100000,1000,43378
100000,1000,43375
100000,1000,43374
100000,1000,43353
100000,1000,43290
100000,1000,43295
100000,1000,43266
100000,1000,43234
100000,1000,43203
100000,1000,43228
100000,1000,43185
100000,1000,43090
100000,1000,43107
100000,1000,43059
100000,1000,43052
100000,1000,43018
100000,1000,43054
100000,1000,43012
100000,1000,42921
100000,1000,42875
100000,1000,42858
100000,1000,42837
100000,1000,42834
100000,1000,42801
100000,1000,42736
100000,1000,42750
100000,1000,42689
100000,1000,42679
100000,1000,42667
100000,1000,42663
100000,1000,42675
100000,1000,42538
100000,1000,42557
100000,1000,42491
100000,1000,42505
100000,1000,42449
100000,1000,42477
100000,1000,42423
100000,1000,42408
100000,1000,42385
100000,1000,42411
100000,1000,42389
100000,1000,42428
100000,1000,42385
100000,1000,42401
100000,1000,42315
100000,1000,42338
100000,1000,42282
100000,1000,42283
100000,1000,42249
100000,1000,42265
100000,1000,42234
100000,1000,42243
100000,1000,42216
100000,1000,42198
100000,1000,42180
100000,1000,42193
100000,1000,42204
100000,1000,42142
100000,1000,42165
100000,1000,42108
100000,1000,42101
100000,1000,42086
100000,1000,42079
100000,1000,42061
100000,1000,42039
100000,1000,41975
100000,1000,41995
100000,1000,41949
100000,1000,41955
100000,1000,41936
100000,1000,41876
100000,1000,41913
100000,1000,41856
100000,1000,41859
100000,1000,41823
100000,1000,41847
100000,1000,41799
100000,1000,41717
100000,1000,41727
100000,1000,41688
100000,1000,41693
100000,1000,41687
100000,1000,41660
100000,1000,41646
100000,1000,41629
100000,1000,41560
100000,1000,41586
100000,1000,41508
100000,1000,41547
100000,1000,41524
100000,1000,41515
100000,1000,41484
100000,1000,41503
100000,1000,41507
100000,1000,41486
100000,1000,41380
100000,1000,41303
100000,1000,41262
100000,1000,41265
100000,1000,41081
100000,1000,41028
100000,1000,40962
100000,1000,40890
100000,1000,40856
100000,1000,40642
100000,1000,40587
100000,1000,40533
100000,1000,40458
100000,1000,40420
100000,1000,40375
100000,1000,40332
100000,1000,40259
100000,1000,40209
100000,1000,40152
100000,1000,40114
100000,1000,39858
100000,1000,39791
100000,1000,39681
100000,1000,39655
100000,1000,39614
100000,1000,39617
100000,1000,39599
