M,N,accessTime
1000,10,33441
1000,10,38955
1000,10,43320
1000,10,34048
1000,10,56569
1000,10,82876
1000,10,83004
1000,10,83486
1000,10,83832
1000,10,77825
1000,100,101
1000,100,187
1000,100,188
1000,100,291
1000,100,306
1000,100,342213
1000,100,342970
1000,100,340486
1000,100,340549
1000,100,337985
1000,100,337957
1000,100,334018
1000,100,333940
1000,100,334366
1000,100,334313
1000,100,334664
1000,100,334644
1000,100,328547
1000,100,325976
1000,100,320831
1000,100,309567
1000,100,309626
1000,100,307283
1000,100,301008
1000,100,298471
1000,100,290716
1000,100,284753
1000,100,273834
1000,100,265092
1000,100,263963
1000,100,261603
1000,100,264144
1000,100,254028
1000,100,248149
1000,100,238098
1000,100,234341
1000,100,234727
1000,100,232603
1000,100,232247
1000,100,222052
1000,100,196076
1000,100,197427
1000,100,196967
1000,100,195279
1000,100,195694
1000,100,186855
1000,100,187104
1000,100,183150
1000,100,175651
1000,100,169700
1000,100,154682
1000,100,150404
1000,100,150020
1000,100,148542
1000,100,143747
1000,100,128181
1000,100,120293
1000,100,105030
1000,100,105048
1000,100,102249
1000,100,97726
1000,100,97091
1000,100,96924
1000,100,94355
1000,100,91345
1000,100,91151
1000,100,88137
1000,100,84260
1000,100,82386
1000,100,81706
1000,100,77956
1000,100,72334
1000,100,70611
1000,100,69040
1000,100,69310
1000,100,67525
1000,100,61802
1000,100,54096
1000,100,51291
1000,100,51465
1000,100,51525
1000,100,51590
1000,100,51708
1000,100,51445
1000,100,47723
1000,100,46479
1000,100,45861
1000,100,44271
1000,100,41453
1000,100,41784
1000,100,41293
1000,100,41383
1000,100,37534
1000,100,36670
1000,100,176724
1000,100,32990
1000,100,151879
1000,100,151220
1000,1000,164
1000,1000,205
1000,1000,106
1000,1000,76
1000,1000,214
1000,1000,184
1000,1000,67
1000,1000,169
1000,1000,453531
1000,1000,453863
1000,1000,452477
1000,1000,452383
1000,1000,452746
1000,1000,452050
1000,1000,448707
1000,1000,437785
1000,1000,437796
1000,1000,449030
1000,1000,444504
1000,1000,440757
1000,1000,438982
1000,1000,438784
1000,1000,438712
1000,1000,438987
1000,1000,438436
1000,1000,436016
1000,1000,435214
1000,1000,435890
1000,1000,435884
1000,1000,435393
1000,1000,435371
1000,1000,434682
1000,1000,434983
1000,1000,434984
1000,1000,435043
1000,1000,432825
1000,1000,431456
1000,1000,431713
1000,1000,431891
1000,1000,432074
1000,1000,432197
1000,1000,432233
1000,1000,432452
1000,1000,432541
1000,1000,432571
1000,1000,432874
1000,1000,432911
1000,1000,433125
1000,1000,433240
1000,1000,433396
1000,1000,433531
1000,1000,433663
1000,1000,431064
1000,1000,431167
1000,1000,430959
1000,1000,434113
1000,1000,430489
1000,1000,434256
1000,1000,430808
1000,1000,431198
1000,1000,431214
1000,1000,431349
1000,1000,431826
1000,1000,430911
1000,1000,427173
1000,1000,427217
1000,1000,427222
1000,1000,427234
1000,1000,427199
1000,1000,427280
1000,1000,427349
1000,1000,427358
1000,1000,427647
1000,1000,427658
1000,1000,427787
1000,1000,427852
1000,1000,427921
1000,1000,427931
1000,1000,427977
1000,1000,427779
1000,1000,427784
1000,1000,427979
1000,1000,428196
1000,1000,427148
1000,1000,427207
1000,1000,427285
1000,1000,427243
1000,1000,427415
1000,1000,427574
1000,1000,427701
1000,1000,427823
1000,1000,427783
1000,1000,427978
1000,1000,428000
1000,1000,428234
1000,1000,428202
1000,1000,425093
1000,1000,425130
1000,1000,425195
1000,1000,425363
1000,1000,424777
1000,1000,424719
1000,1000,424786
1000,1000,424815
1000,1000,424774
1000,1000,424867
1000,1000,424884
1000,1000,424910
1000,1000,424946
1000,1000,424921
1000,1000,424941
1000,1000,425047
1000,1000,425161
1000,1000,425185
1000,1000,425152
1000,1000,425410
1000,1000,425473
1000,1000,425581
1000,1000,425743
1000,1000,425713
1000,1000,425917
1000,1000,425886
1000,1000,426032
1000,1000,426079
1000,1000,426243
1000,1000,426180
1000,1000,426166
1000,1000,426374
1000,1000,426464
1000,1000,426380
1000,1000,426489
1000,1000,426570
1000,1000,426619
1000,1000,426712
1000,1000,426656
1000,1000,426751
1000,1000,426702
1000,1000,427377
1000,1000,427349
1000,1000,427518
1000,1000,427573
1000,1000,427634
1000,1000,427583
1000,1000,427716
1000,1000,427659
1000,1000,427758
1000,1000,426234
1000,1000,426349
1000,1000,426483
1000,1000,426522
1000,1000,426664
1000,1000,426760
1000,1000,426744
1000,1000,426742
1000,1000,426724
1000,1000,426773
1000,1000,426823
1000,1000,426883
1000,1000,427097
1000,1000,427084
1000,1000,427147
1000,1000,427262
1000,1000,427234
1000,1000,427167
1000,1000,426334
1000,1000,423988
1000,1000,423471
1000,1000,423401
1000,1000,422736
1000,1000,422723
1000,1000,422882
1000,1000,422849
1000,1000,422944
1000,1000,422939
1000,1000,423108
1000,1000,423263
1000,1000,423421
1000,1000,423533
1000,1000,423712
1000,1000,423823
1000,1000,424063
1000,1000,424203
1000,1000,424284
1000,1000,424353
1000,1000,424467
1000,1000,424557
1000,1000,424585
1000,1000,424689
1000,1000,424611
1000,1000,423648
1000,1000,420765
1000,1000,420784
1000,1000,420967
1000,1000,420976
1000,1000,420986
1000,1000,420764
1000,1000,420745
1000,1000,420721
1000,1000,421103
1000,1000,421052
1000,1000,421086
1000,1000,421088
1000,1000,421220
1000,1000,421155
1000,1000,421267
1000,1000,421412
1000,1000,421569
1000,1000,421523
1000,1000,421488
1000,1000,421624
1000,1000,421575
1000,1000,421629
1000,1000,421596
1000,1000,421764
1000,1000,421731
1000,1000,428380
1000,1000,428616
1000,1000,428576
1000,1000,428762
1000,1000,428761
1000,1000,428860
1000,1000,428876
1000,1000,428861
1000,1000,428891
1000,1000,428924
1000,1000,428868
1000,1000,428892
1000,1000,428991
1000,1000,428998
1000,1000,429046
1000,1000,428152
1000,1000,426519
1000,1000,426532
1000,1000,426614
1000,1000,426672
1000,1000,426656
1000,1000,426626
1000,1000,426677
1000,1000,426686
1000,1000,426689
1000,1000,426753
1000,1000,426818
1000,1000,426818
1000,1000,426819
1000,1000,427036
1000,1000,427086
1000,1000,427146
1000,1000,427194
1000,1000,427298
1000,1000,427271
1000,1000,422407
1000,1000,422363
1000,1000,422315
1000,1000,421738
1000,1000,418861
1000,1000,418322
1000,1000,418260
1000,1000,418360
1000,1000,418289
1000,1000,418298
1000,1000,418260
1000,1000,418289
1000,1000,418269
1000,1000,418284
1000,1000,418371
1000,1000,418352
1000,1000,418374
1000,1000,418357
1000,1000,418545
1000,1000,418598
1000,1000,418568
1000,1000,418645
1000,1000,418616
1000,1000,418728
1000,1000,418782
1000,1000,418739
1000,1000,418845
1000,1000,418861
1000,1000,418831
1000,1000,418953
1000,1000,418990
1000,1000,419077
1000,1000,415859
1000,1000,419118
1000,1000,419033
1000,1000,418953
1000,1000,412973
1000,1000,403220
1000,1000,419005
1000,1000,419050
1000,1000,403048
1000,1000,419099
1000,1000,419112
1000,1000,419135
1000,1000,419152
1000,1000,419154
1000,1000,401789
1000,1000,419052
1000,1000,398568
1000,1000,396698
1000,1000,382052
1000,1000,379761
1000,1000,379751
1000,1000,379688
1000,1000,379743
1000,1000,379756
1000,1000,379733
1000,1000,379854
1000,1000,376150
1000,1000,375963
1000,1000,375909
1000,1000,375916
1000,1000,375994
1000,1000,376021
1000,1000,375947
1000,1000,375918
1000,1000,375872
1000,1000,375837
1000,1000,375806
1000,1000,375839
1000,1000,375510
1000,1000,375391
1000,1000,375404
1000,1000,374458
1000,1000,367386
1000,1000,366672
1000,1000,361749
1000,1000,358055
1000,1000,358116
1000,1000,338248
1000,1000,348597
1000,1000,332492
1000,1000,327653
1000,1000,319925
1000,1000,310278
1000,1000,308771
1000,1000,308729
1000,1000,308747
1000,1000,308935
1000,1000,308955
1000,1000,308910
1000,1000,308864
1000,1000,308982
1000,1000,308972
1000,1000,309056
1000,1000,309062
1000,1000,309174
1000,1000,309142
1000,1000,309109
1000,1000,309147
1000,1000,309151
1000,1000,309177
1000,1000,309157
1000,1000,309176
1000,1000,309342
1000,1000,309311
1000,1000,309327
1000,1000,309439
1000,1000,309458
1000,1000,309473
1000,1000,309484
1000,1000,309489
1000,1000,309836
1000,1000,309459
1000,1000,309464
1000,1000,310574
1000,1000,310350
1000,1000,310434
1000,1000,306628
1000,1000,305708
1000,1000,301956
1000,1000,299251
1000,1000,302731
1000,1000,299341
1000,1000,299380
1000,1000,299452
1000,1000,299500
1000,1000,298822
1000,1000,289267
1000,1000,283897
1000,1000,282039
1000,1000,281312
1000,1000,278519
1000,1000,277761
1000,1000,273921
1000,1000,272129
1000,1000,259517
1000,1000,254568
1000,1000,252495
1000,1000,246952
1000,1000,246039
1000,1000,242644
1000,1000,242355
1000,1000,236412
1000,1000,235013
1000,1000,233205
1000,1000,231690
1000,1000,231758
1000,1000,230811
1000,1000,227168
1000,1000,225570
1000,1000,225630
1000,1000,225690
1000,1000,225750
1000,1000,225800
1000,1000,224595
1000,1000,224743
1000,1000,224699
1000,1000,224857
1000,1000,224938
1000,1000,224987
1000,1000,225111
1000,1000,225101
1000,1000,225164
1000,1000,225117
1000,1000,225455
1000,1000,225492
1000,1000,224565
1000,1000,221194
1000,1000,220717
1000,1000,217723
1000,1000,216982
1000,1000,215933
1000,1000,215204
1000,1000,212211
1000,1000,208619
1000,1000,208533
1000,1000,208417
1000,1000,204602
1000,1000,200683
1000,1000,196838
1000,1000,195905
1000,1000,193123
1000,1000,193028
1000,1000,191753
1000,1000,189740
1000,1000,189015
1000,1000,185099
1000,1000,185075
1000,1000,185110
1000,1000,184544
1000,1000,182535
1000,1000,180747
1000,1000,180049
1000,1000,179949
1000,1000,179496
1000,1000,177972
1000,1000,177262
1000,1000,176681
1000,1000,176691
1000,1000,176546
1000,1000,175271
1000,1000,174408
1000,1000,174190
1000,1000,174105
1000,1000,174030
1000,1000,173182
1000,1000,173197
1000,1000,169876
1000,1000,169778
1000,1000,169646
1000,1000,169598
1000,1000,169577
1000,1000,169128
1000,1000,165628
1000,1000,165678
1000,1000,165449
1000,1000,165392
1000,1000,165488
1000,1000,165146
1000,1000,164226
1000,1000,163461
1000,1000,161613
1000,1000,160792
1000,1000,159857
1000,1000,159765
1000,1000,159828
1000,1000,158942
1000,1000,158374
1000,1000,157424
1000,1000,156585
1000,1000,153641
1000,1000,153065
1000,1000,153010
1000,1000,151173
1000,1000,150259
1000,1000,148445
1000,1000,147526
1000,1000,146565
1000,1000,145886
1000,1000,144071
1000,1000,144022
1000,1000,144016
1000,1000,143371
1000,1000,140785
1000,1000,140705
1000,1000,140596
1000,1000,139084
1000,1000,138123
1000,1000,137505
1000,1000,137490
1000,1000,137016
1000,1000,137110
1000,1000,137092
1000,1000,133097
1000,1000,133028
1000,1000,132984
1000,1000,131519
1000,1000,131508
1000,1000,131499
1000,1000,131479
1000,1000,131491
1000,1000,131428
1000,1000,131438
1000,1000,131391
1000,1000,131379
1000,1000,131398
1000,1000,131405
1000,1000,131513
1000,1000,131528
1000,1000,131557
1000,1000,131614
1000,1000,131616
1000,1000,131696
1000,1000,131700
1000,1000,131849
1000,1000,131838
1000,1000,131853
1000,1000,131871
1000,1000,131902
1000,1000,131923
1000,1000,131958
1000,1000,132438
1000,1000,132445
1000,1000,132547
1000,1000,132691
1000,1000,132829
1000,1000,132906
1000,1000,132903
1000,1000,133068
1000,1000,133094
1000,1000,133141
1000,1000,133200
1000,1000,133221
1000,1000,133266
1000,1000,133282
1000,1000,133334
1000,1000,133357
1000,1000,133343
1000,1000,133454
1000,1000,133446
1000,1000,133444
1000,1000,133437
1000,1000,133430
1000,1000,133491
1000,1000,133617
1000,1000,133680
1000,1000,133699
1000,1000,133650
1000,1000,133732
1000,1000,133757
1000,1000,133775
1000,1000,133987
1000,1000,134056
1000,1000,134123
1000,1000,134196
1000,1000,134192
1000,1000,134258
1000,1000,134420
1000,1000,134426
1000,1000,134565
1000,1000,134612
1000,1000,134698
1000,1000,134643
1000,1000,134743
1000,1000,134863
1000,1000,134963
1000,1000,135040
1000,1000,134992
1000,1000,135106
1000,1000,135167
1000,1000,135176
1000,1000,135245
1000,1000,135247
1000,1000,135335
1000,1000,135354
1000,1000,135360
1000,1000,135372
1000,1000,135487
1000,1000,135551
1000,1000,135552
1000,1000,135650
1000,1000,135697
1000,1000,135692
1000,1000,135685
1000,1000,135756
1000,1000,135774
1000,1000,135824
1000,1000,135786
1000,1000,135839
1000,1000,135857
1000,1000,135891
1000,1000,136089
1000,1000,136120
1000,1000,136141
1000,1000,136370
1000,1000,136484
1000,1000,136500
1000,1000,136622
1000,1000,136652
1000,1000,136702
1000,1000,136687
1000,1000,136727
1000,1000,136782
1000,1000,136811
1000,1000,136789
1000,1000,136882
1000,1000,136881
1000,1000,136800
1000,1000,136924
1000,1000,137037
1000,1000,137010
1000,1000,137062
1000,1000,137105
1000,1000,137091
1000,1000,137196
1000,1000,137114
1000,1000,137282
1000,1000,137471
1000,1000,137159
1000,1000,137320
1000,1000,137304
1000,1000,137357
1000,1000,137378
1000,1000,137349
1000,1000,137499
1000,1000,137664
1000,1000,137639
1000,1000,137714
1000,1000,137707
1000,1000,137850
1000,1000,137903
1000,1000,138037
1000,1000,138076
1000,1000,138111
1000,1000,138179
1000,1000,138167
1000,1000,138243
1000,1000,138229
1000,1000,138223
1000,1000,138209
1000,1000,138255
1000,1000,138233
1000,1000,138258
1000,1000,138373
1000,1000,138443
1000,1000,138411
1000,1000,138589
1000,1000,138584
1000,1000,138644
1000,1000,171813
1000,1000,171764
1000,1000,171752
1000,1000,171749
1000,1000,171312
1000,1000,141056
1000,1000,140907
1000,1000,140738
1000,1000,140765
1000,1000,140734
1000,1000,140658
1000,1000,140629
1000,1000,140555
1000,1000,140476
1000,1000,140483
1000,1000,140400
1000,1000,140350
1000,1000,140337
1000,1000,140316
10000,10,125
1000,1000,140136
1000,1000,140084
1000,1000,140090
1000,1000,140086
1000,1000,179081
1000,1000,140009
1000,1000,139949
1000,1000,139945
1000,1000,139971
1000,1000,139982
1000,1000,139904
1000,1000,139944
1000,1000,139892
1000,1000,139862
1000,1000,139847
1000,1000,139846
1000,1000,139660
1000,1000,139699
1000,1000,139589
1000,1000,139590
1000,1000,139604
1000,1000,139588
1000,1000,139584
1000,1000,139502
1000,1000,139507
1000,1000,139504
1000,1000,139488
1000,1000,139507
1000,1000,139565
1000,1000,139508
1000,1000,139436
1000,1000,139347
1000,1000,139328
1000,1000,139308
1000,1000,139316
1000,1000,139307
1000,1000,139287
1000,1000,139168
1000,1000,139169
1000,1000,139062
1000,1000,139084
1000,1000,138988
1000,1000,138965
1000,1000,138993
1000,1000,138924
1000,1000,138897
1000,1000,138889
1000,1000,138861
1000,1000,138725
1000,1000,138723
1000,1000,138671
1000,1000,138646
1000,1000,138646
1000,1000,138683
1000,1000,178637
1000,1000,186076
1000,1000,186083
1000,1000,186119
1000,1000,186080
1000,1000,186216
10000,10,8838
1000,1000,186198
1000,1000,186214
1000,1000,186272
1000,1000,186331
1000,1000,186319
1000,1000,186256
1000,1000,186277
1000,1000,186255
1000,1000,186312
1000,1000,186325
1000,1000,186376
1000,1000,186438
1000,1000,186472
1000,1000,186446
1000,1000,186492
1000,1000,186473
1000,1000,186444
1000,1000,186447
1000,1000,186440
1000,1000,186475
1000,1000,186523
1000,1000,186460
1000,1000,186513
1000,1000,186510
1000,1000,186499
1000,1000,186494
1000,1000,186472
1000,1000,186438
1000,1000,186436
1000,1000,186440
1000,1000,186411
1000,1000,186382
1000,1000,186416
1000,1000,186410
1000,1000,186383
1000,1000,186379
1000,1000,186412
1000,1000,186460
1000,1000,186443
1000,1000,186494
1000,1000,186434
1000,1000,186325
1000,1000,186267
1000,1000,186283
1000,1000,186292
1000,1000,186349
1000,1000,187624
1000,1000,187559
1000,1000,187742
1000,1000,187773
1000,1000,187921
1000,1000,187755
1000,1000,187817
1000,1000,187903
1000,1000,187995
1000,1000,188151
1000,1000,188382
1000,1000,188614
1000,1000,188719
1000,1000,188945
1000,1000,189015
1000,1000,189101
1000,1000,189104
1000,1000,189284
1000,1000,189522
1000,1000,189484
1000,1000,189731
1000,1000,189973
1000,1000,190210
1000,1000,190415
1000,1000,190494
1000,1000,190642
1000,1000,190659
1000,1000,190586
1000,1000,190667
1000,1000,190680
1000,1000,190807
1000,1000,191076
1000,1000,191324
1000,1000,191289
1000,1000,191528
1000,1000,191550
1000,1000,191832
1000,1000,191998
1000,1000,192016
1000,1000,192261
1000,1000,192460
1000,1000,192822
1000,1000,192767
1000,1000,192921
1000,1000,192577
1000,1000,192599
1000,1000,192795
1000,1000,192917
1000,1000,193024
1000,1000,193261
1000,1000,193808
1000,1000,193816
1000,1000,193865
1000,1000,194231
1000,1000,194538
1000,1000,194703
1000,1000,194699
1000,1000,194722
1000,1000,194760
1000,1000,194827
1000,1000,194822
1000,1000,194857
1000,1000,194821
1000,1000,194900
1000,1000,194872
1000,1000,194902
1000,1000,195005
1000,1000,194934
1000,1000,194869
1000,1000,194911
1000,1000,194978
1000,1000,194932
1000,1000,194948
1000,1000,194891
1000,1000,194936
1000,1000,195008
1000,1000,195036
1000,1000,195038
1000,1000,195071
1000,1000,195057
1000,1000,195016
1000,1000,195042
1000,1000,195190
1000,1000,195111
1000,1000,195107
1000,1000,195146
1000,1000,195121
1000,1000,195150
1000,1000,195147
1000,1000,195118
1000,1000,195086
1000,1000,195099
1000,1000,195124
1000,1000,195099
1000,1000,195146
1000,1000,195140
1000,1000,194986
1000,1000,194969
1000,1000,194934
1000,1000,194992
1000,1000,194923
1000,1000,194900
1000,1000,194939
1000,1000,194919
1000,1000,194961
1000,1000,194881
1000,1000,194875
1000,1000,194856
1000,1000,194823
1000,1000,194774
1000,1000,194710
1000,1000,194676
1000,1000,194634
1000,1000,194681
1000,1000,194583
1000,1000,194539
1000,1000,194499
1000,1000,194449
1000,1000,194471
1000,1000,194438
10000,10,36
10000,10,90777
10000,10,88179
10000,10,83925
10000,10,15954
10000,10,64137
10000,10,30598
10000,100,316
10000,100,35
10000,100,37
10000,100,36
10000,100,41
10000,100,40
10000,100,35
10000,100,132
10000,100,36
10000,100,211
10000,100,273173
10000,100,49
10000,100,253465
10000,100,253479
10000,100,257283
10000,100,260081
10000,100,255297
10000,100,246400
10000,100,242541
10000,100,242151
10000,100,242180
10000,100,237097
10000,100,242400
10000,100,234007
10000,100,231086
10000,100,230180
10000,100,227334
10000,100,226445
10000,100,223553
10000,100,224034
10000,100,212965
10000,100,210968
10000,100,187872
10000,100,188413
10000,100,187791
10000,100,183834
10000,100,184494
10000,100,176610
10000,100,166758
10000,100,165936
10000,100,158925
10000,100,148237
10000,100,143299
10000,100,138697
10000,100,133791
10000,100,126816
10000,100,106914
10000,100,98569
10000,100,93279
10000,100,81975
10000,100,72700
10000,100,54847
10000,100,51920
10000,100,44454
10000,100,38683
10000,100,35999
10000,100,33582
10000,100,33171
10000,100,26058
10000,100,23942
10000,100,24003
10000,100,23962
10000,100,23947
10000,100,23910
10000,100,23333
10000,100,23289
10000,100,23314
10000,100,23310
10000,100,23865
10000,100,23837
10000,100,23843
10000,100,23812
10000,100,23860
10000,100,23697
10000,100,23706
10000,100,23671
10000,100,23687
10000,100,23772
10000,100,23740
10000,100,23703
10000,100,23669
10000,100,23672
10000,100,23708
10000,100,23640
10000,100,23798
10000,100,23774
10000,100,23782
10000,100,23743
10000,100,23705
10000,100,23667
10000,100,23667
10000,100,23670
10000,100,23736
10000,100,23697
10000,100,23667
10000,100,23635
10000,100,23631
10000,100,69790
10000,100,27453
10000,100,25923
10000,1000,8695
10000,1000,246
10000,1000,1759
10000,1000,4357
10000,1000,63
10000,1000,627
10000,1000,71
10000,1000,63
10000,1000,649141
10000,1000,645155
10000,1000,642953
10000,1000,642937
10000,1000,642977
10000,1000,642946
10000,1000,642957
10000,1000,642104
10000,1000,642102
10000,1000,641843
10000,1000,641816
10000,1000,641868
10000,1000,641837
10000,1000,641854
10000,1000,641834
10000,1000,641882
10000,1000,641825
10000,1000,641788
10000,1000,641747
10000,1000,641743
10000,1000,641727
10000,1000,641718
10000,1000,641765
10000,1000,641787
10000,1000,641772
10000,1000,641774
10000,1000,641780
10000,1000,641740
10000,1000,641765
10000,1000,641835
10000,1000,641836
10000,1000,645914
10000,1000,646073
10000,1000,646073
10000,1000,646156
10000,1000,646278
10000,1000,646272
10000,1000,646262
10000,1000,646234
10000,1000,646268
10000,1000,646227
10000,1000,642343
10000,1000,642294
10000,1000,642249
10000,1000,642156
10000,1000,642165
10000,1000,642071
10000,1000,641661
10000,1000,640681
10000,1000,638730
10000,1000,636833
10000,1000,632929
10000,1000,631473
10000,1000,631107
10000,1000,629080
10000,1000,627105
10000,1000,625200
10000,1000,623316
10000,1000,621364
10000,1000,619464
10000,1000,619378
10000,1000,617672
10000,1000,617055
10000,1000,617037
10000,1000,615883
10000,1000,615871
10000,1000,615825
10000,1000,614132
10000,1000,613234
10000,1000,612317
10000,1000,611266
10000,1000,611210
10000,1000,609691
10000,1000,609982
10000,1000,610024
10000,1000,610044
10000,1000,609288
10000,1000,609238
10000,1000,609149
10000,1000,605413
10000,1000,604570
10000,1000,602846
10000,1000,602684
10000,1000,601745
10000,1000,597851
10000,1000,597798
10000,1000,597730
10000,1000,597036
10000,1000,596503
10000,1000,593946
10000,1000,593907
10000,1000,593822
10000,1000,593662
10000,1000,593400
10000,1000,593324
10000,1000,593317
10000,1000,593243
10000,1000,593227
10000,1000,592714
10000,1000,589726
10000,1000,589557
10000,1000,588886
10000,1000,588118
10000,1000,586061
10000,1000,586022
10000,1000,585830
10000,1000,582331
10000,1000,582246
10000,1000,582660
10000,1000,582553
10000,1000,582556
10000,1000,582156
10000,1000,582049
10000,1000,582043
10000,1000,582080
10000,1000,581421
10000,1000,578329
10000,1000,576734
10000,1000,576511
10000,1000,576594
10000,1000,576603
10000,1000,575815
10000,1000,573843
10000,1000,570825
10000,1000,568480
10000,1000,567987
10000,1000,567126
10000,1000,565868
10000,1000,565822
10000,1000,565317
10000,1000,564457
10000,1000,563459
10000,1000,561843
10000,1000,561798
10000,1000,561812
10000,1000,561675
10000,1000,560830
10000,1000,559759
10000,1000,557797
10000,1000,557764
10000,1000,557063
10000,1000,556081
10000,1000,553473
10000,1000,553540
10000,1000,553681
10000,1000,553550
10000,1000,553550
10000,1000,553110
10000,1000,552014
10000,1000,550051
10000,1000,546208
10000,1000,542138
10000,1000,541965
10000,1000,541264
10000,1000,540337
10000,1000,538392
10000,1000,538162
10000,1000,536268
10000,1000,535752
10000,1000,533974
10000,1000,533925
10000,1000,533737
10000,1000,532756
10000,1000,530719
10000,1000,529988
10000,1000,529072
10000,1000,525840
10000,1000,525495
10000,1000,525495
10000,1000,525383
10000,1000,523813
10000,1000,523109
10000,1000,524029
10000,1000,523171
10000,1000,520765
10000,1000,519982
10000,1000,519873
10000,1000,519533
10000,1000,516701
10000,1000,515749
10000,1000,514485
10000,1000,514463
10000,1000,513055
10000,1000,512948
10000,1000,512202
10000,1000,511697
10000,1000,510132
10000,1000,510711
10000,1000,510111
10000,1000,508899
10000,1000,508642
10000,1000,507644
10000,1000,505428
10000,1000,504668
10000,1000,502597
10000,1000,501898
10000,1000,501002
10000,1000,500951
10000,1000,500685
10000,1000,499979
10000,1000,500003
10000,1000,499989
10000,1000,500038
10000,1000,499994
10000,1000,499979
10000,1000,499980
10000,1000,500036
10000,1000,500038
10000,1000,500030
10000,1000,500010
10000,1000,500062
10000,1000,500063
10000,1000,500044
10000,1000,500052
10000,1000,500074
10000,1000,500077
10000,1000,500183
10000,1000,500148
10000,1000,500167
10000,1000,500126
10000,1000,500120
10000,1000,500132
10000,1000,500113
10000,1000,500108
10000,1000,500107
10000,1000,500092
10000,1000,500112
10000,1000,500130
10000,1000,500095
10000,1000,500086
10000,1000,500154
10000,1000,500164
10000,1000,500193
10000,1000,500203
10000,1000,500170
10000,1000,500199
10000,1000,500160
10000,1000,500135
10000,1000,500237
10000,1000,500231
10000,1000,500236
10000,1000,500230
10000,1000,500221
10000,1000,500240
10000,1000,500207
10000,1000,500160
10000,1000,500149
10000,1000,500176
10000,1000,500219
10000,1000,500165
10000,1000,500129
10000,1000,500164
10000,1000,500153
10000,1000,500144
10000,1000,500108
10000,1000,500169
10000,1000,500279
10000,1000,500262
10000,1000,500232
10000,1000,500250
10000,1000,500261
10000,1000,500229
10000,1000,496807
10000,1000,496653
10000,1000,496647
10000,1000,496593
10000,1000,496529
10000,1000,496428
10000,1000,496437
10000,1000,496481
10000,1000,496547
10000,1000,496538
10000,1000,496558
10000,1000,496541
10000,1000,496471
10000,1000,496443
10000,1000,496436
10000,1000,496377
10000,1000,496360
10000,1000,496384
10000,1000,496355
10000,1000,496372
10000,1000,496395
10000,1000,496388
10000,1000,496377
10000,1000,496326
10000,1000,496193
10000,1000,496187
10000,1000,496206
10000,1000,496159
10000,1000,496151
10000,1000,496174
10000,1000,496143
10000,1000,496120
10000,1000,496116
10000,1000,496067
10000,1000,496090
10000,1000,496075
10000,1000,496099
10000,1000,496115
10000,1000,496155
10000,1000,496150
10000,1000,496209
10000,1000,496217
10000,1000,496181
10000,1000,496194
10000,1000,495667
10000,1000,495689
10000,1000,495694
10000,1000,495653
10000,1000,495658
10000,1000,495678
10000,1000,495622
10000,1000,495488
10000,1000,495537
10000,1000,495473
10000,1000,495471
10000,1000,495248
10000,1000,495210
10000,1000,495248
10000,1000,495172
10000,1000,495218
10000,1000,495197
10000,1000,495156
10000,1000,495096
10000,1000,495081
10000,1000,495104
10000,1000,495125
10000,1000,495121
10000,1000,495132
10000,1000,495093
10000,1000,495089
10000,1000,495064
10000,1000,495105
10000,1000,495111
10000,1000,495137
10000,1000,495096
10000,1000,495064
10000,1000,495017
10000,1000,494986
10000,1000,495059
10000,1000,495026
10000,1000,495705
10000,1000,495559
10000,1000,493501
10000,1000,491561
10000,1000,489567
10000,1000,489508
10000,1000,488438
10000,1000,487784
10000,1000,485911
10000,1000,485807
10000,1000,484936
10000,1000,483925
10000,1000,483024
10000,1000,482030
10000,1000,480971
10000,1000,480848
10000,1000,480803
10000,1000,480247
10000,1000,479383
10000,1000,475723
10000,1000,475660
10000,1000,472367
10000,1000,472361
10000,1000,472284
10000,1000,472535
10000,1000,472441
10000,1000,472441
10000,1000,472381
10000,1000,471129
10000,1000,470891
10000,1000,468878
10000,1000,468162
10000,1000,468065
10000,1000,467962
10000,1000,467091
10000,1000,466130
10000,1000,465147
10000,1000,463251
10000,1000,463228
10000,1000,462428
10000,1000,461423
10000,1000,460499
10000,1000,459568
10000,1000,459478
10000,1000,459392
10000,1000,459341
10000,1000,458727
10000,1000,457815
10000,1000,456883
10000,1000,456043
10000,1000,454027
10000,1000,448979
10000,1000,445784
10000,1000,445797
10000,1000,445264
10000,1000,445176
10000,1000,445136
10000,1000,444539
10000,1000,443170
10000,1000,441616
10000,1000,438985
10000,1000,438832
10000,1000,438697
10000,1000,437860
10000,1000,436662
10000,1000,435899
10000,1000,433963
10000,1000,430850
10000,1000,430604
10000,1000,430206
10000,1000,429037
10000,1000,428305
10000,1000,427291
10000,1000,426443
10000,1000,426442
10000,1000,422990
10000,1000,422889
10000,1000,422764
10000,1000,422721
10000,1000,422647
10000,1000,422633
10000,1000,421971
10000,1000,421751
10000,1000,421695
10000,1000,418087
10000,1000,415196
10000,1000,415091
10000,1000,414988
10000,1000,414369
10000,1000,414241
10000,1000,414148
10000,1000,412453
10000,1000,411657
10000,1000,411557
10000,1000,411522
10000,1000,411405
10000,1000,411362
10000,1000,410874
10000,1000,409429
10000,1000,408056
10000,1000,407085
10000,1000,404579
10000,1000,404219
10000,1000,401177
10000,1000,400319
10000,1000,400197
10000,1000,400111
10000,1000,399459
10000,1000,397326
10000,1000,396486
10000,1000,395526
10000,1000,392597
10000,1000,392480
10000,1000,391654
10000,1000,391494
10000,1000,391399
10000,1000,390782
10000,1000,388848
10000,1000,387926
10000,1000,385985
10000,1000,384966
10000,1000,384113
10000,1000,383954
10000,1000,383259
10000,1000,383030
10000,1000,382297
10000,1000,379402
10000,1000,379331
10000,1000,379224
10000,1000,376325
10000,1000,376198
10000,1000,376132
10000,1000,376041
10000,1000,375903
10000,1000,374014
10000,1000,373950
10000,1000,373685
10000,1000,372175
10000,1000,371119
10000,1000,370102
10000,1000,368867
10000,1000,368802
10000,1000,368278
10000,1000,368205
10000,1000,365098
10000,1000,365079
10000,1000,364927
10000,1000,364634
10000,1000,361178
10000,1000,361048
10000,1000,360744
10000,1000,357965
10000,1000,356906
10000,1000,354939
10000,1000,353732
10000,1000,353622
10000,1000,353591
10000,1000,353172
10000,1000,352150
10000,1000,350143
10000,1000,350069
10000,1000,349457
10000,1000,349395
10000,1000,349268
10000,1000,346249
10000,1000,345563
10000,1000,345468
10000,1000,342009
10000,1000,341863
10000,1000,341879
10000,1000,341876
10000,1000,341821
10000,1000,341741
10000,1000,339928
10000,1000,334039
10000,1000,333095
10000,1000,332196
10000,1000,329137
10000,1000,329022
10000,1000,328332
10000,1000,326765
10000,1000,325665
10000,1000,320470
10000,1000,318394
10000,1000,318268
10000,1000,317624
10000,1000,316653
10000,1000,315457
10000,1000,315379
10000,1000,315324
10000,1000,315272
10000,1000,314940
10000,1000,312957
10000,1000,310923
10000,1000,310347
10000,1000,310066
10000,1000,309100
10000,1000,306102
10000,1000,305239
10000,1000,305152
10000,1000,304317
10000,1000,303413
10000,1000,303333
10000,1000,302306
10000,1000,301615
10000,1000,300546
10000,1000,298196
10000,1000,297753
10000,1000,297021
10000,1000,296833
10000,1000,295842
10000,1000,294358
10000,1000,293895
10000,1000,291885
10000,1000,290954
10000,1000,288017
10000,1000,287918
10000,1000,286165
10000,1000,284882
10000,1000,284721
10000,1000,283267
10000,1000,282192
10000,1000,281515
10000,1000,281420
10000,1000,280447
10000,1000,279867
10000,1000,279466
10000,1000,277464
10000,1000,276537
10000,1000,274678
10000,1000,273678
10000,1000,273608
10000,1000,270568
10000,1000,270454
10000,1000,270348
10000,1000,270243
10000,1000,269868
10000,1000,269799
10000,1000,269729
10000,1000,269701
10000,1000,269190
10000,1000,266123
10000,1000,266071
10000,1000,266004
10000,1000,263481
10000,1000,263397
10000,1000,262245
10000,1000,262210
10000,1000,262025
10000,1000,261573
10000,1000,257525
10000,1000,256631
10000,1000,256511
10000,1000,256454
10000,1000,255863
10000,1000,254598
10000,1000,254485
10000,1000,254378
10000,1000,254304
10000,1000,254044
10000,1000,252073
10000,1000,251960
10000,1000,251772
10000,1000,251716
10000,1000,251225
10000,1000,248174
10000,1000,248060
10000,1000,247994
10000,1000,247165
10000,1000,245961
10000,1000,244517
10000,1000,241533
10000,1000,241437
10000,1000,241313
10000,1000,241200
10000,1000,241032
10000,1000,240969
10000,1000,240795
10000,1000,239578
10000,1000,238011
10000,1000,237398
10000,1000,237352
10000,1000,236984
10000,1000,233768
10000,1000,233660
10000,1000,232077
10000,1000,231460
10000,1000,231361
10000,1000,231241
10000,1000,229200
10000,1000,228273
10000,1000,227300
10000,1000,226303
10000,1000,226243
10000,1000,224447
10000,1000,224239
10000,1000,223539
10000,1000,220559
10000,1000,220496
10000,1000,220443
10000,1000,220349
10000,1000,214778
10000,1000,213810
10000,1000,212930
10000,1000,209879
10000,1000,209008
10000,1000,205943
10000,1000,205112
10000,1000,202100
10000,1000,202005
10000,1000,200903
10000,1000,198440
10000,1000,198334
10000,1000,198210
10000,1000,193007
10000,1000,192910
10000,1000,192989
10000,1000,192836
10000,1000,189875
10000,1000,189825
10000,1000,189771
10000,1000,189735
10000,1000,189070
10000,1000,188079
10000,1000,186490
10000,1000,186438
10000,1000,186478
10000,1000,185565
10000,1000,184620
10000,1000,183198
10000,1000,183102
10000,1000,180791
10000,1000,178752
10000,1000,178666
10000,1000,178570
10000,1000,175873
10000,1000,175805
10000,1000,175726
10000,1000,175578
10000,1000,175578
10000,1000,175381
10000,1000,173394
10000,1000,173306
10000,1000,173199
10000,1000,173083
10000,1000,171347
10000,1000,171283
10000,1000,171261
10000,1000,170768
10000,1000,169743
10000,1000,167912
10000,1000,167681
10000,1000,167484
10000,1000,167428
10000,1000,167195
10000,1000,167116
10000,1000,166262
10000,1000,166188
10000,1000,164114
10000,1000,163310
10000,1000,163216
10000,1000,162459
10000,1000,162365
10000,1000,161355
10000,1000,160325
10000,1000,160137
10000,1000,159713
10000,1000,158305
10000,1000,158200
10000,1000,157790
10000,1000,157421
10000,1000,155909
10000,1000,154885
10000,1000,153333
10000,1000,153283
10000,1000,153180
10000,1000,153051
10000,1000,152256
10000,1000,151321
10000,1000,149053
10000,1000,148958
10000,1000,148421
10000,1000,147529
10000,1000,145315
10000,1000,145218
10000,1000,144602
10000,1000,144334
10000,1000,144240
10000,1000,143771
10000,1000,143722
10000,1000,141689
10000,1000,141577
10000,1000,141478
10000,1000,140978
10000,1000,140039
10000,1000,139973
10000,1000,139869
10000,1000,137122
10000,1000,136450
10000,1000,134389
10000,1000,134189
10000,1000,134097
10000,1000,134035
10000,1000,133569
10000,1000,129827
10000,1000,129723
10000,1000,129645
10000,1000,129556
10000,1000,129416
10000,1000,127546
10000,1000,127423
10000,1000,125985
10000,1000,123415
10000,1000,123352
10000,1000,123279
10000,1000,123199
10000,1000,122247
10000,1000,122178
10000,1000,119267
10000,1000,118390
10000,1000,117422
10000,1000,115716
10000,1000,114579
10000,1000,113573
10000,1000,112564
10000,1000,111175
10000,1000,110687
10000,1000,109717
10000,1000,109648
10000,1000,108289
10000,1000,105035
10000,1000,104626
10000,1000,105152
10000,1000,103892
10000,1000,100134
10000,1000,99081
10000,1000,99061
10000,1000,99031
10000,1000,99004
10000,1000,98956
10000,1000,98936
10000,1000,98885
10000,1000,98876
10000,1000,98828
10000,1000,98828
10000,1000,98801
10000,1000,98806
10000,1000,98754
10000,1000,98751
10000,1000,98707
10000,1000,98685
10000,1000,98663
10000,1000,98617
10000,1000,98603
10000,1000,98545
10000,1000,98504
10000,1000,98450
10000,1000,98402
10000,1000,98386
10000,1000,98344
10000,1000,98284
10000,1000,98238
10000,1000,98192
10000,1000,98154
10000,1000,98138
10000,1000,98074
10000,1000,98059
10000,1000,97998
10000,1000,97997
10000,1000,97961
10000,1000,97914
10000,1000,97866
10000,1000,97820
10000,1000,97787
10000,1000,97738
10000,1000,97687
10000,1000,97691
10000,1000,97645
10000,1000,97604
10000,1000,97555
10000,1000,97520
10000,1000,97486
10000,1000,97472
10000,1000,97433
10000,1000,97402
10000,1000,97383
10000,1000,97337
10000,1000,97300
10000,1000,97269
10000,1000,97226
10000,1000,97189
10000,1000,97153
10000,1000,97103
10000,1000,97061
10000,1000,97011
10000,1000,96999
10000,1000,96972
10000,1000,96930
10000,1000,96905
10000,1000,96857
10000,1000,96840
10000,1000,96791
10000,1000,96756
10000,1000,96713
10000,1000,96660
10000,1000,96630
10000,1000,96587
10000,1000,96546
100000,10,28
100000,10,63
100000,10,22
100000,10,21
100000,10,4124
100000,10,4205
100000,10,1767
100000,10,1686
100000,10,355
100000,10,301
100000,100,24
100000,100,89
100000,100,34
100000,100,42
100000,100,22
100000,100,48
100000,100,31
100000,100,82884
100000,100,82186
100000,100,83112
100000,100,82983
100000,100,80041
100000,100,79363
100000,100,83144
100000,100,83058
100000,100,80476
100000,100,79566
100000,100,78506
100000,100,75784
100000,100,75721
100000,100,75606
100000,100,75540
100000,100,75437
100000,100,75044
100000,100,74899
100000,100,72758
100000,100,71203
100000,100,70958
100000,100,67762
100000,100,67719
100000,100,67679
100000,100,64486
100000,100,63543
100000,100,61726
100000,100,59401
100000,100,59241
100000,100,58697
100000,100,57805
100000,100,55741
100000,100,53861
100000,100,53755
100000,100,51946
100000,100,51450
100000,100,51344
100000,100,51260
100000,100,49070
100000,100,48116
100000,100,46167
100000,100,44224
100000,100,43237
100000,100,43150
100000,100,40350
100000,100,40161
100000,100,40095
100000,100,40063
100000,100,39463
100000,100,36412
100000,100,35234
100000,100,33500
100000,100,32593
100000,100,28626
100000,100,28541
100000,100,26071
100000,100,26029
100000,100,25985
100000,100,25947
100000,100,25847
100000,100,24629
100000,100,24551
100000,100,19876
100000,100,18489
100000,100,15894
100000,100,15070
100000,100,13521
100000,100,9564
100000,100,9514
100000,100,9430
100000,100,9410
100000,100,9387
100000,100,9363
100000,100,9307
100000,100,9296
100000,100,9231
100000,100,9224
100000,100,9188
100000,100,9137
100000,100,9084
100000,100,9053
100000,100,9021
100000,100,8988
100000,100,8957
100000,100,8962
100000,100,8943
100000,100,8951
100000,100,75419
100000,100,64849
100000,100,54936
100000,100,46539
100000,100,36031
100000,100,13147
100000,1000,23
100000,1000,14
100000,1000,11
100000,1000,10
100000,1000,18
100000,1000,17
100000,1000,13
100000,1000,26
100000,1000,38
100000,1000,16
100000,1000,497973
100000,1000,498059
100000,1000,487111
100000,1000,487192
100000,1000,487260
100000,1000,487056
100000,1000,483195
100000,1000,482404
100000,1000,481576
100000,1000,477596
100000,1000,476120
100000,1000,476112
100000,1000,474610
100000,1000,472644
100000,1000,471593
100000,1000,471519
100000,1000,471452
100000,1000,470805
100000,1000,468725
100000,1000,468846
100000,1000,468188
100000,1000,468096
100000,1000,468034
100000,1000,468016
100000,1000,467443
100000,1000,465202
100000,1000,465153
100000,1000,463741
100000,1000,463663
100000,1000,463596
100000,1000,463501
100000,1000,463667
100000,1000,463659
100000,1000,462995
100000,1000,461953
100000,1000,461859
100000,1000,461782
100000,1000,461795
100000,1000,461075
100000,1000,459921
100000,1000,459842
100000,1000,459273
100000,1000,459161
100000,1000,459128
100000,1000,458328
100000,1000,457430
100000,1000,454477
100000,1000,454402
100000,1000,454286
100000,1000,454197
100000,1000,454110
100000,1000,454118
100000,1000,453795
100000,1000,452767
100000,1000,452628
100000,1000,452542
100000,1000,449982
100000,1000,449039
100000,1000,448979
100000,1000,448946
100000,1000,447773
100000,1000,447645
100000,1000,447509
100000,1000,447259
100000,1000,446312
100000,1000,445377
100000,1000,442749
100000,1000,442668
100000,1000,442516
100000,1000,441600
100000,1000,441483
100000,1000,441465
100000,1000,439728
100000,1000,439681
100000,1000,438929
100000,1000,437923
100000,1000,436270
100000,1000,436240
100000,1000,436194
100000,1000,434114
100000,1000,432756
100000,1000,432734
100000,1000,432388
100000,1000,430233
100000,1000,430172
100000,1000,430055
100000,1000,430431
100000,1000,430381
100000,1000,430392
100000,1000,430408
100000,1000,430415
100000,1000,430342
100000,1000,430309
100000,1000,430288
100000,1000,426493
100000,1000,426404
100000,1000,426362
100000,1000,426323
100000,1000,426285
100000,1000,426240
100000,1000,426135
100000,1000,426065
100000,1000,425984
100000,1000,425726
100000,1000,425677
100000,1000,423768
100000,1000,423756
100000,1000,423615
100000,1000,423572
100000,1000,423072
100000,1000,422081
100000,1000,422024
100000,1000,419381
100000,1000,409565
100000,1000,409201
100000,1000,408379
100000,1000,408311
100000,1000,408149
100000,1000,408034
100000,1000,407985
100000,1000,407933
100000,1000,407663
100000,1000,407662
100000,1000,407667
100000,1000,405755
100000,1000,403937
100000,1000,403816
100000,1000,402820
100000,1000,402775
100000,1000,399880
100000,1000,398929
100000,1000,391897
100000,1000,391013
100000,1000,389079
100000,1000,388029
100000,1000,381680
100000,1000,381637
100000,1000,381612
100000,1000,381522
100000,1000,381490
100000,1000,381462
100000,1000,381415
100000,1000,381412
100000,1000,380642
100000,1000,379748
100000,1000,377769
100000,1000,377677
100000,1000,377695
100000,1000,377113
100000,1000,375647
100000,1000,370139
100000,1000,367995
100000,1000,361918
100000,1000,357067
100000,1000,356254
100000,1000,356193
100000,1000,355313
100000,1000,349323
100000,1000,343820
100000,1000,341478
100000,1000,339411
100000,1000,336196
100000,1000,335634
100000,1000,333751
100000,1000,331781
100000,1000,329874
100000,1000,326879
100000,1000,326046
100000,1000,323058
100000,1000,322897
100000,1000,322838
100000,1000,322220
100000,1000,317540
100000,1000,314938
100000,1000,314355
100000,1000,312576
100000,1000,312509
100000,1000,312430
100000,1000,312470
100000,1000,312422
100000,1000,312372
100000,1000,312135
100000,1000,310764
100000,1000,308689
100000,1000,308614
100000,1000,307674
100000,1000,306967
100000,1000,302959
100000,1000,301944
100000,1000,301139
100000,1000,299188
100000,1000,297287
100000,1000,295367
100000,1000,293475
100000,1000,292814
100000,1000,292784
100000,1000,292592
100000,1000,289742
100000,1000,289598
100000,1000,289502
100000,1000,289414
100000,1000,289407
100000,1000,289330
100000,1000,289330
100000,1000,289235
100000,1000,289214
100000,1000,289219
100000,1000,289170
100000,1000,289138
100000,1000,288964
100000,1000,288936
100000,1000,288907
100000,1000,288817
100000,1000,288811
100000,1000,288774
100000,1000,288712
100000,1000,288716
100000,1000,288729
100000,1000,288693
100000,1000,288723
100000,1000,288700
100000,1000,288668
100000,1000,288641
100000,1000,288704
100000,1000,288718
100000,1000,288780
100000,1000,288801
100000,1000,288869
100000,1000,288827
100000,1000,288839
100000,1000,288852
100000,1000,288866
100000,1000,288876
100000,1000,288837
100000,1000,288809
100000,1000,288758
100000,1000,288788
100000,1000,288763
100000,1000,288719
100000,1000,288683
100000,1000,288667
100000,1000,288626
100000,1000,288664
100000,1000,288630
100000,1000,288660
100000,1000,288639
100000,1000,288585
100000,1000,288511
100000,1000,288561
100000,1000,288582
100000,1000,288554
100000,1000,288552
100000,1000,288546
100000,1000,288520
100000,1000,288483
100000,1000,288580
100000,1000,288650
100000,1000,288600
100000,1000,288706
100000,1000,288671
100000,1000,288672
100000,1000,288623
100000,1000,288559
100000,1000,288543
100000,1000,288586
100000,1000,288594
100000,1000,288613
100000,1000,288556
100000,1000,288572
100000,1000,288514
100000,1000,288506
100000,1000,288439
100000,1000,288468
100000,1000,288445
100000,1000,288485
100000,1000,288441
100000,1000,288487
100000,1000,288459
100000,1000,288454
100000,1000,288419
100000,1000,288406
100000,1000,288396
100000,1000,288374
100000,1000,288396
100000,1000,288348
100000,1000,288256
100000,1000,288214
100000,1000,288277
100000,1000,288238
100000,1000,288161
100000,1000,288110
100000,1000,288116
100000,1000,288132
100000,1000,288076
100000,1000,288064
100000,1000,288046
100000,1000,288021
100000,1000,288010
100000,1000,287955
100000,1000,287946
100000,1000,287914
100000,1000,287963
100000,1000,287974
100000,1000,287941
100000,1000,287954
100000,1000,287940
100000,1000,287943
100000,1000,287921
100000,1000,296376
100000,1000,296333
100000,1000,296412
100000,1000,296407
100000,1000,296382
100000,1000,296365
100000,1000,296474
100000,1000,296463
100000,1000,296487
100000,1000,296518
100000,1000,296430
100000,1000,299720
100000,1000,299765
100000,1000,299779
100000,1000,299808
100000,1000,299731
100000,1000,299757
100000,1000,299722
100000,1000,299794
100000,1000,299785
100000,1000,299771
100000,1000,299638
100000,1000,299655
100000,1000,299669
100000,1000,299693
100000,1000,299617
100000,1000,299643
100000,1000,299584
100000,1000,299560
100000,1000,299523
100000,1000,299516
100000,1000,299504
100000,1000,299171
100000,1000,299152
100000,1000,299171
100000,1000,299104
100000,1000,299113
100000,1000,299161
100000,1000,299095
100000,1000,299033
100000,1000,299039
100000,1000,299030
100000,1000,299040
100000,1000,299037
100000,1000,299012
100000,1000,299044
100000,1000,299039
100000,1000,299010
100000,1000,299004
100000,1000,298968
100000,1000,298934
100000,1000,298919
100000,1000,298875
100000,1000,298751
100000,1000,298709
100000,1000,298704
100000,1000,298665
100000,1000,298609
100000,1000,298645
100000,1000,298603
100000,1000,298479
100000,1000,298534
100000,1000,298528
100000,1000,298528
100000,1000,298513
100000,1000,298511
100000,1000,298508
100000,1000,298466
100000,1000,298429
100000,1000,298433
100000,1000,298361
100000,1000,298324
100000,1000,298340
100000,1000,298336
100000,1000,298391
100000,1000,298491
100000,1000,298451
100000,1000,298430
100000,1000,298311
100000,1000,298312
100000,1000,298280
100000,1000,298238
100000,1000,298238
100000,1000,298261
100000,1000,298224
100000,1000,298219
100000,1000,298165
100000,1000,298123
100000,1000,298083
100000,1000,298044
100000,1000,298055
100000,1000,298086
100000,1000,298038
100000,1000,297996
100000,1000,297955
100000,1000,297938
100000,1000,297932
100000,1000,297778
100000,1000,297780
100000,1000,297736
100000,1000,297655
100000,1000,297594
100000,1000,297563
100000,1000,297511
100000,1000,297519
100000,1000,297567
100000,1000,297599
100000,1000,297557
100000,1000,297586
100000,1000,297516
100000,1000,297516
100000,1000,297460
100000,1000,297421
100000,1000,297439
100000,1000,297503
100000,1000,297458
100000,1000,297491
100000,1000,297466
100000,1000,297455
100000,1000,297340
100000,1000,297333
100000,1000,297310
100000,1000,297325
100000,1000,297338
100000,1000,297383
100000,1000,297309
100000,1000,297322
100000,1000,297360
100000,1000,297334
100000,1000,297362
100000,1000,297321
100000,1000,297332
100000,1000,297249
100000,1000,297241
100000,1000,297227
100000,1000,297179
100000,1000,297149
100000,1000,296721
100000,1000,296731
100000,1000,296738
100000,1000,296701
100000,1000,296728
100000,1000,296715
100000,1000,296700
100000,1000,296678
100000,1000,296696
100000,1000,296713
100000,1000,296673
100000,1000,296736
100000,1000,297185
100000,1000,297135
100000,1000,297406
100000,1000,297362
100000,1000,297450
100000,1000,297591
100000,1000,297723
100000,1000,297740
100000,1000,297707
100000,1000,297690
100000,1000,297685
100000,1000,297703
100000,1000,297647
100000,1000,297718
100000,1000,297678
100000,1000,297641
100000,1000,297627
100000,1000,297562
100000,1000,297544
100000,1000,297501
100000,1000,297534
100000,1000,296843
100000,1000,296697
100000,1000,296637
100000,1000,296607
100000,1000,296584
100000,1000,296568
100000,1000,296578
100000,1000,296620
100000,1000,296605
100000,1000,296551
100000,1000,296519
100000,1000,296494
100000,1000,296449
100000,1000,295482
100000,1000,293518
100000,1000,293486
100000,1000,293398
100000,1000,293282
100000,1000,293244
100000,1000,293132
100000,1000,293100
100000,1000,293095
100000,1000,293050
100000,1000,293112
100000,1000,293063
100000,1000,292974
100000,1000,292950
100000,1000,292885
100000,1000,293163
100000,1000,293801
100000,1000,293747
100000,1000,293732
100000,1000,293704
100000,1000,293689
100000,1000,295511
100000,1000,295475
100000,1000,296422
100000,1000,296424
100000,1000,296413
100000,1000,296399
100000,1000,296382
100000,1000,296336
100000,1000,296334
100000,1000,296260
100000,1000,296132
100000,1000,296089
100000,1000,296082
100000,1000,295978
100000,1000,295960
100000,1000,295934
100000,1000,295885
100000,1000,295870
100000,1000,295852
100000,1000,295805
100000,1000,295783
100000,1000,295773
100000,1000,295713
100000,1000,295584
100000,1000,295542
100000,1000,295483
100000,1000,295403
100000,1000,295370
100000,1000,295329
100000,1000,295221
100000,1000,295153
100000,1000,295110
100000,1000,295074
100000,1000,295047
100000,1000,295025
100000,1000,294877
100000,1000,294904
100000,1000,294882
100000,1000,294835
100000,1000,294828
100000,1000,294781
100000,1000,294725
100000,1000,294655
100000,1000,294651
100000,1000,294589
100000,1000,294582
100000,1000,294554
100000,1000,294509
100000,1000,294530
100000,1000,294466
100000,1000,294458
100000,1000,294426
100000,1000,294391
100000,1000,294347
100000,1000,294296
100000,1000,294304
100000,1000,294242
100000,1000,294249
100000,1000,294230
100000,1000,294192
100000,1000,294138
100000,1000,294130
100000,1000,294083
100000,1000,294070
100000,1000,294029
100000,1000,294028
100000,1000,293980
100000,1000,293708
100000,1000,293662
100000,1000,293593
100000,1000,293545
100000,1000,293469
100000,1000,293437
100000,1000,293385
100000,1000,293380
100000,1000,293352
100000,1000,293316
100000,1000,293289
100000,1000,293214
100000,1000,293202
100000,1000,293180
100000,1000,293095
100000,1000,293112
100000,1000,292238
100000,1000,291165
100000,1000,291076
100000,1000,288178
100000,1000,288102
100000,1000,288049
100000,1000,287438
100000,1000,286514
100000,1000,286467
100000,1000,284620
100000,1000,283383
100000,1000,283306
100000,1000,283205
100000,1000,284166
100000,1000,283704
100000,1000,278683
100000,1000,278675
100000,1000,278473
100000,1000,278479
100000,1000,278149
100000,1000,278137
100000,1000,274439
100000,1000,274327
100000,1000,273774
100000,1000,273755
100000,1000,273739
100000,1000,273722
100000,1000,273716
100000,1000,273672
100000,1000,273662
100000,1000,273676
100000,1000,273677
100000,1000,273640
100000,1000,273548
100000,1000,273508
100000,1000,273522
100000,1000,273474
100000,1000,273473
100000,1000,273402
100000,1000,273366
100000,1000,273334
100000,1000,273257
100000,1000,273203
100000,1000,273185
100000,1000,273175
100000,1000,273148
100000,1000,273136
100000,1000,273121
100000,1000,273096
100000,1000,273053
100000,1000,273033
100000,1000,273009
100000,1000,272966
100000,1000,272955
100000,1000,272932
100000,1000,272962
100000,1000,272975
100000,1000,273830
100000,1000,273818
100000,1000,273834
100000,1000,273820
100000,1000,273809
100000,1000,273810
100000,1000,273796
100000,1000,273764
100000,1000,273742
100000,1000,273722
100000,1000,273726
100000,1000,273686
100000,1000,273647
100000,1000,273652
100000,1000,273672
100000,1000,273647
100000,1000,273637
100000,1000,273633
100000,1000,273630
100000,1000,273602
100000,1000,273577
100000,1000,273561
100000,1000,273515
100000,1000,273414
100000,1000,273402
100000,1000,273386
100000,1000,273375
100000,1000,273350
100000,1000,273322
100000,1000,273293
100000,1000,273259
100000,1000,273250
100000,1000,273201
100000,1000,273113
100000,1000,273052
100000,1000,273014
100000,1000,273000
100000,1000,272966
100000,1000,272978
100000,1000,272940
100000,1000,272911
100000,1000,272866
100000,1000,272861
100000,1000,272818
100000,1000,272807
100000,1000,272802
100000,1000,272784
100000,1000,272775
100000,1000,272792
100000,1000,272762
100000,1000,272751
100000,1000,272642
100000,1000,272621
100000,1000,272592
100000,1000,272556
100000,1000,272537
100000,1000,272533
100000,1000,272517
100000,1000,272467
100000,1000,270441
100000,1000,270396
100000,1000,270285
100000,1000,269538
100000,1000,266566
100000,1000,266348
100000,1000,266314
100000,1000,266286
100000,1000,266200
100000,1000,265866
100000,1000,262842
100000,1000,262807
100000,1000,261944
100000,1000,259984
100000,1000,259862
100000,1000,259105
100000,1000,259055
100000,1000,258904
100000,1000,258861
100000,1000,258294
100000,1000,257702
100000,1000,255350
100000,1000,254369
100000,1000,251419
100000,1000,251246
100000,1000,250586
100000,1000,247555
100000,1000,246584
100000,1000,241518
100000,1000,239603
100000,1000,237682
100000,1000,234735
100000,1000,232714
100000,1000,230821
100000,1000,227867
100000,1000,227734
100000,1000,227642
100000,1000,227605
100000,1000,227087
100000,1000,224091
100000,1000,223824
100000,1000,223785
100000,1000,223336
100000,1000,222262
100000,1000,220307
100000,1000,218392
100000,1000,216467
100000,1000,215470
100000,1000,214047
100000,1000,212599
100000,1000,212424
100000,1000,212348
100000,1000,212340
100000,1000,212090
100000,1000,211946
